,0,1
0,75564d4b457fed73e8555ed13037bc7545161222d39686bf11803f0d30cdfeea.multimod,1.371352738033238e-07
1,ae7a20692250f85d7a2ed205994f2d26f2d695aef15a9356938454bccbbbd069.multimod,6.165251642542557e-11
2,36efc0f8aca03d59f8fcdbc21c659c4e936c0134731ac3f77ca1a25b9acac29e.multimod,4.417176244249026e-34
3,1c81a78958a5a89c43d17659b0a858991f91e4a1772ca7b27c00d651d835fd29.multimod,1.4013950895184427e-14
4,3ceb4d851cb80baabf2adb0aa56c6daf6ad7257331c87e2a55cd9f810366b6ad.multimod,0.08745371550321579
5,dc11ac758fad75e2bb295ba159bf1400f88ef1745754f22f29b696bc8de0507d.multimod,3.250241813226016e-15
6,e42e62e496bcf2b6ac6a2808d64eef41f73ee00dba980af7a3b07cd513e2361e.multimod,1.568803782356614e-14
7,81e1d607debf918bab26e09c3be2214311ab47aa142178bfe7785870403ddbef.multimod,0.16381676495075226
8,7a0b4b56978aaab7d2bba0c61555f6012cf584d244957b229751059fe39d4364.multimod,2.8751773156923525e-24
9,7fd21c1d79249c4af398b5301bbe006ea2af8c1807721162519a3aa96552de18.multimod,2.9549562441388844e-07
10,0baa87dd46f81f6f6c2243b23d4f59f79f8091711cd03dbe9e977c1bc0f35141.multimod,4.362201381835355e-22
11,10f2dcb4f070e9bf8182512e2c3de42d583aceecdcb606298e7e76175430e307.multimod,1.885667266776636e-08
12,c59ca2ac0eb84ae868cdcb846417b8c2cb7ca856bfca687914cbe3564a7ba8a3.multimod,0.0016951027791947126
13,b48be6fec1c25afcf274c9f8c6ac038015f2b04c87a9b8da6519ee3510ef30a2.multimod,0.2963755428791046
14,c43b867acac79765f362f353f9397e82bf31b82e0ddf04e40059c2c631e684f9.multimod,1.2666762441455176e-13
15,1036a8d86fd6b04b621608ad7cf2edce114cd2585bbe890c4e0fd75e8d1db187.multimod,1.658231596479709e-08
16,36469c796ccb6f5a3451770ffe6c420c09475ac05945a8cf92f257bc5440d15c.multimod,9.873748929578596e-09
17,d80e28098a09f0a95a20ab0cb8c77189c4e3d8949de532a7f3f1df5fc79c3d15.multimod,6.635011118305556e-07
18,1041aa822ff11fb8712bc48b84a5cdb755e213587242bea3fb984f78f75d7958.multimod,0.0012123114429414272
19,a9ab7fce522a30fa74f245b0226d0f2ebe454e8a0b4365b3551cff89d6e9e2b6.multimod,1.0727017363894893e-24
20,ee72262f24f65cfa3b96954f25b3990d8003918cde194151b89036b4a536989c.multimod,5.597084395958518e-08
21,ece76e88fe8ae47beb529f0546c3c8d360d40c50e7b7aa3c6a783b8b53e3c79c.multimod,2.2784732000430408e-12
22,e99638129bda451ecb485851dbdf968ad5164d0e4e92a380b2adfbb4548f3353.multimod,1.5721111072024632e-14
23,0b755582c46acfb65c9d73e6687dcf08cf04fac5e4030de0b8e16e193bcdfe64.multimod,0.19213831424713135
24,724ca99e75533a1c97efa5a1a4c431dccbad890e9eee86d84beff96e6a95c989.multimod,0.010138237848877907
25,082271e08b5355c5619ae5e4485c3600c321dcce1131874b3210e1abf3085d4d.multimod,0.380339115858078
26,44013d2c454b8bde4cbf280250a21aa428640cd0b0756ad45e49f10a6186c35e.multimod,4.820457623654207e-24
27,a3014e9ec74dd3cd041cd42defdab8d0a313eff2e8906efd9569d9550c1dd25d.multimod,1.3876809873535266e-18
28,a7e5a9cb3862a7b01e588dcf559fd06e46c0e999e60edcb1b03862221bb72fbc.multimod,2.7231649823988846e-08
29,d85a217dd66416d01abd2f6253af174e7aa78021074090c67e545f780be36f6a.multimod,1.362088554966731e-28
30,abcc1a8e5366967867bec2806f6c2a8dbf55f9fe0c50b41f675d15f29c5bc87c.multimod,8.271811013926822e-10
31,9d912b502b38a36f279d950b7f3a54015006d51827106cd1898e8321bf793135.multimod,2.887781702133607e-13
32,b7254d1dcea60e2da4385fadee39da4cc9db9b93ca51766b375341fdb832ac19.multimod,0.020754527300596237
33,26d8080bdaee46e779d7ea6a2a1e37cc8808fadddd4e2e65aa17cdfdf77c06c1.multimod,0.23970353603363037
34,ce4cc69dfe2ec4584eac4c396492a6b294083291ebf3306ffda38433a74acd86.multimod,4.279172303801207e-31
35,b1cc2f10e453ee8969c7d8eb202b0586ee7617823638d99d7db573f19c2762f7.multimod,2.0998459149268456e-07
36,7852625d3f79ac42f171e1fa4dccd24925468070321308ca616fe5bb3a6b6e5a.multimod,0.12085188925266266
37,6a02832c97ad6c0f2ddb813acb52ef002ef616be2a7ded5a0a69b7dbdf2f7aff.multimod,2.4585012957617427e-31
38,43a7a72edb388b7153b9533384c228c8ed4c947286c0f95e8b0527ab4aafa989.multimod,0.5832998752593994
39,30e2c66ab1d21910a4b9837b7f7ac6034e457221fa806159f6bd27be7ee8dbde.multimod,8.61330994363446e-22
40,ccdd64ac544bed4967cb6a5272de3b9c21d5d6181797a3f26567e87dca6c4ab3.multimod,0.10222983360290527
41,ed67960336dc25c0325904e7cb20927b1c3c5ee8f26796e591fc05c35f9335c5.multimod,0.27605345845222473
42,1c86bb0c51a944677e985ae3025839b2af9d4bfc9366e77111ef05c5e1386b83.multimod,1.3909110595494581e-28
43,b65aa0058801b9053a4546698becef0d74d21078a0db769e1f63b7826b16c374.multimod,1.1932471830488353e-26
44,ad5e239ced915ffc6f49d1268ebe7c7701efb61733d0aa3dd05300a596ab9176.multimod,6.050987266803531e-09
45,72669917218e70c73c1d4db790e8a7ae048ab39f977f5df82329c8ddbcb2f84f.multimod,9.829514056036714e-06
46,994021f930fd144e5f7bbf84e7b9292dc075abc73dfeeeebd667b34aee29366c.multimod,3.826392536154799e-09
47,2de9ff3a5424c796e2bdfbfae637abe7a0306bc399dbd7e287ee6dbe0d9795f3.multimod,0.0
48,e8efe7a9081dcc8dd51b34eda3fb8f3d08564ef659f30ae4cf8abcdf56ae2cfb.multimod,0.15974551439285278
49,fea46b991781fec40da2e04e5fb476f6d1ab85304953267d813c3612f5bf96f3.multimod,1.9596031340576164e-13
50,58f5a3e67adcf25612a3f2ac9701b1430a9723938ea51f3ee77fbed32b9a1396.multimod,7.51949119148776e-05
51,da19d0a8b30b692e94f15f2720dc37a2b18ec666ba5968086de68833bee167cf.multimod,0.0
52,6b903928b2cc8c5e958307399e685df286c2c472ca0173cf803a6438378a44c5.multimod,0.00036234749131835997
53,04bb03aa85b4d447b18210a15f31ddecc1335e757420762e4a2636cc9d069868.multimod,0.07492705434560776
54,adec0e513e46382d17ec39a11ae6248735a463bbb20c0cdb6b100afb66392d58.multimod,1.4270620004707552e-13
55,c6dd9bdf99595f24e4aad7b7967913f9e402a7a8776b52ec62dd3045077d56ed.multimod,8.116387562040472e-08
56,43dbdd7db0ce3046a3420748b682be4850e6c67231a5c6badf75728f4a6a39e2.multimod,7.450411843024085e-09
57,edbe6bbbd562f6bb74787ccd8b4c0312832aea7e506151e0557738a5e7e81786.multimod,3.3809824928322997e-20
58,ec8abc97b95164a46c4f5071aa1eaeb591757208bc7be7c9b34c8bf35e718022.multimod,1.1558299206626543e-08
59,66d4fb0ba082a53eaedf8909f65f4f9d60f0b038e6d5695dbe6d5798853904aa.multimod,3.570221088011749e-05
60,8260cfc13918a19b9ed7b801e4f5ac5d5607d923c354b9fa63e357a05b6da888.multimod,3.007712967573184e-10
61,42d758ba933ad52fe0b5a719c0d88c9040372811d53f585a931a00b15176d1cf.multimod,0.45377713441848755
62,124f950b9ba388ec29f847d279ac3f7449f9dfc04eec0ee7aa5755a0a23eedba.multimod,2.381048002373421e-32
63,67bb6813c636fbb2535ad2637ae26278b13e88c4948b324ceca0c2b897b49ca7.multimod,0.3549972176551819
64,a54786750b9037bf61f66055c40fb70c1b74d27517ce16cb8ebd8e851b747557.multimod,1.733843957296699e-09
65,672f83ad180c4b451dac63d5f1120f86bcdeacdadbf75cd7b2052ea40a0188e8.multimod,0.13143913447856903
66,eab4189e25d4ab0aa215720331302e36d4e60dca8b4b75305615725c80ec5898.multimod,0.4162347912788391
67,55d725a0f423ba52f99edca9cd06c1fdaf20c24f5407a7d20db72601c39fee9b.multimod,5.312053750290209e-26
68,17347e7655a9d42a7fda8a28ce41a08b2430776944bf15921f54c53004538477.multimod,1.4297240058525063e-09
69,869865c046139b1421ae34c4e722c5d66780903eb4ed86df6d52783088b1fa0e.multimod,7.645153914381808e-07
70,02cc86e73be61180fd66ac9625f655217757291ba255adbe1efeca2d1f2803ec.multimod,0.3558403551578522
71,20b63c41abc231d278f499ade26ab4d1b2218489868182ee215d4468564bda7f.multimod,1.3366576954366885e-16
72,1261a70b16ed9ed97b101ff9fd1589942f1c8b21a329979ad921b4bfb2e55dbf.multimod,4.935530341754202e-06
73,d316f27fdcf9dc18fb2c9d32c11a6e787327627aa902e559656678839234e781.multimod,1.0449426188967412e-14
74,2794fa55eb3a413572a7e7a5eebe292dfc1a7dcc07459eb20605703135ac59ca.multimod,0.0759882852435112
75,c53276cf83dca9eca79694595834c1aed5ed87d2adb566a003e231a19aa40d57.multimod,2.7081982807430904e-06
76,cf2726081d3a3c8d206c17d06624253b7bc2e7f4044c053beed25bb537b58220.multimod,0.00010602468682918698
77,cddf4c2f3571f6b0758f65596bc4b910c42a2429ecce5f031bc90d7e88ae7275.multimod,5.595714207084982e-33
78,2c41a90e6b99f038a49e46a6f2d84ebe66a64c0e92e5f7a2b086ceedf5ebf435.multimod,2.8667686819972005e-06
79,1fdaddf97df9eb8a1d27575ceaf19a23a946ffa977a3cb8f7a2f2da3a55e02fa.multimod,3.414711222116118e-11
80,0ccc7f9cade5aa4a8d462bb5ca01f1ea657739ac04be8aa40c5703a976499729.multimod,9.669126393649363e-13
81,df9345eca0e67a582a2a44f40b3e394166fa191506dbb96cf09fdea49e45108c.multimod,0.3711989223957062
82,6ec9c3033b2051d18762eca6116aec2bf1279360ea358256282da71e1c87eb13.multimod,2.4783994301280643e-14
83,0c21a56cdbe8703a79874b411975a921a82afbaf28ed4cce62ca2e026a4b14ed.multimod,6.309383672882743e-24
84,d247fd61d064e3d2fb4dd060b52b2ca039eecdb295d4ecba4055e7c679a71eba.multimod,2.1565418721614105e-12
85,05e8e5dc641887839a37af57dc7890897ffb0c49390c7dbe239dc67f21d41cbc.multimod,8.300916481328125e-22
86,d13af02227b8be20331a9f171cb056923b0ec9d5b76862ce1aa63747cef047ec.multimod,4.104255130199519e-12
87,0594441a4f7bbe2510fe8f280666b5ec87d9e6e369665171e2edf738cf234a43.multimod,0.0003527129301801324
88,2f0239ddd3ad18dab194e684e991d6bac5b3f9b2ea788584066c3697f5b22fea.multimod,0.02009892649948597
89,6eb2a685bc4fa7b825fe7e40d1b4263bb38f3dc01f91a578ab9c75049fc4054f.multimod,1.6382516241826437e-19
90,4eae155c5fb1784f5036879c93b43c1f6b574a7ff5c98551f29c4729dff83477.multimod,0.4504300057888031
91,600515679c6eedfaee28280a7d140de2f8d302e14a613b5ac0e26533ab62d7ad.multimod,3.74530759472691e-06
92,42bb995b925de515c8595063e558d7f50d6f692c551fa9cca596b1894aad19e4.multimod,0.06879603117704391
93,5593a52c996aba1eb20efe45315251e990f6440fe083fb50b45ba1cafef9b116.multimod,0.48313480615615845
94,c7dfaf5895b708c96bf159df8a75de76508283c74f7408e49b0631b655e1e77c.multimod,0.0751785859465599
95,1ee3e10534d74c89d4acc393b2507a9868d1cd00dc2fb1379f44b91f6011fc2f.multimod,0.00013077327457722276
96,8bc48dff466edb8206795f30922a1b496366a6945c5b97c70f9190165e76405b.multimod,1.3412157914841007e-17
97,47ad63ccc161a07eb761fba5c4d140bf01473d2ff947c7542b7eaabf2e100576.multimod,2.7819260783878974e-11
98,f9843efa4392c850a40721661b77f0efc0c649160000e59205174a00e2ae60d7.multimod,6.171698707646556e-09
99,155ebad96e31d9092f466e01ff6b1a3133232f72be89278fab2b34a6ff9036df.multimod,6.77001697397752e-32
100,cbb06b912ca1f6d3bb01e8322634b69b4947e5d35725f3d5f3b45ccbe47c479d.multimod,6.4022320334474045e-22
101,91c7a2bd53c9068ef09a5326d2364e97814b4c7b6884ed4e8156acfc1c57e222.multimod,1.3858716556569561e-05
102,82229c21f3daac5af9407396a2e235bd7bbb8479ce1fc96880d2b058c6705283.multimod,0.02881467156112194
103,23e6930fe2275b0405c749ce3bde6bd20323615abf9a592f89088836abe806e6.multimod,7.300119705178076e-06
104,153894c236d8a1cb1bc6b9ef4a9eba18df6c4b1a76f19e5c4fc08aa291f213c0.multimod,5.6690742019098374e-15
105,a0572fdd1e50b50d1cc87e87d12b4dd21cc51168ab2d8f939be5981e05dad85b.multimod,0.396914005279541
106,ad9ed36438925e7e6e5aba71e730f4f06fb6636474e15ef40f2b02ec46f73ad3.multimod,2.9639696946803795e-11
107,99bfa04a880e3a17902b80cfa274779096e105270423db203693a2b13006dd1a.multimod,3.105395240542326e-14
108,a745f3f1d9bd21118e12caf6324b7b0f174609057cd2cc1ac0a63e11eb0e12df.multimod,4.374595954684665e-17
109,69b44ee2d841e5bb65b6db4ecbd4c6e8017351bcf4104df8cf7d14cfb2602243.multimod,0.0010239515686407685
110,09be2dd3b1027aa9ed38b52fdbdca25095b9a6952879a9b4c9d88bc578e53b33.multimod,6.243303687369917e-07
111,0a29771ae7a72d272ae3cc322ba26bb6e5a4f3fff93bb1095ec380941315fc5a.multimod,7.683837566219154e-07
112,4d25afa7cd69d097a68e82f72b64bc268dba2a2e701ef474498decc991c7c631.multimod,1.1243284906646107e-31
113,a7108188382a3e64cdae1a92e51ed5f050ebf25c3c03d8aab5cee3a1cd8f379d.multimod,0.025526266545057297
114,5a6eefd5d41b1a36fefc37e321de0c7e0731681093fc486b11a8f561f1eb6080.multimod,0.0
115,f0f60c2e2ad677faeabccfab23e33478f19b3ca24c81c1226c105ebc4b9a8652.multimod,1.3825533508194826e-36
116,beea365b3b4361856365d56b806a092fe410aeb1c198f04a308567265d831b6e.multimod,6.468515823834653e-34
117,99b0fa0ee618bd9f850554468e67c130a0867cf9c27e22b9dee6ba5f324f9e9b.multimod,2.9934351032006104e-14
118,a1031c0063f6af87fe026df5d384ed127bf838465ba9ffc23dd2f9233a4e0f22.multimod,0.03107583336532116
119,93bc6e9758dd56ab7c23df3aade3a5982bf52b6f8189766d62dd78ef85c121d4.multimod,6.832560757175088e-06
120,c0b6e3f050529ce15633ad0f80936bed22c5b7d5b70a3d7abfd9c7ca44d72ac5.multimod,2.095075188890405e-07
121,234d65d4f8d600d45d55fc0bdbe8f44259d4f5e9c6d14b9b961636c063208d52.multimod,1.8485645386516625e-17
122,6b7302745e09fc93f22298fb32314e0c3beaa8f23326edbdeb2ba132a11a8d71.multimod,6.434152817882256e-33
123,4725ccd33ebd3e91706c287c737b21fb916680f3c521894be08e72834c7da5f9.multimod,2.011194352334253e-13
124,07059891007b75eaa1fec5cf1f2ca89c71a0200777019d038489bbd803a2cf15.multimod,0.00048341992078348994
125,e8d00d4bfac81e9b01f022fdcf459c23fe31822d3dbee6bb771de4185102406a.multimod,0.00047122358228079975
126,09df0106928e7e1bdd48f30733cb494f4e9cebb90046f68ea06376aa7f5d3514.multimod,0.0011079087853431702
127,0c4a014fc1c6195d2ca35d32894b65edc30f1a35dfe49a3e992bce32476fcfb8.multimod,0.11368835717439651
128,9c210ba8f3ab5cd23f1104164ea3ebed85a9e4b2de247db37a03fdfa6c38a74b.multimod,0.0
129,06c705212145623b0f1b6aca99ca24af5ee73c48ef4d693a2ff956b3d52659be.multimod,0.0005654757842421532
130,ae188ed82ab6b8aed6bd9d31ace9a34d8d5846667e821fb4467a1cee8ede4229.multimod,8.542846742484302e-17
131,2485885e0377b1872c65b8eaa8b6581d2672585fc11ace75007baf3da099cb79.multimod,0.5147132277488708
132,df2937d820f38283f345c837908b97af0379cc6cfa4995cea23fc3452b3d9445.multimod,0.00017389639106113464
133,dcc848e31dd2a9708fd353a7c8f5cb030172f34cd3df93d1e70fc532d87a3acd.multimod,0.0
134,c12ef000bf22432d77438601314716512473c76a06d9a929308a28083f7d702a.multimod,1.2148835260778702e-19
135,5818db81913e7cc3f3295dfbd851911c8ebdc9f867c02a3656e08bea5f5bd179.multimod,5.888604672814455e-21
136,280713944892be0644c204b00ce61c3b8755af68ebdc16c528eefcdb6bf9540c.multimod,6.011708903563767e-23
137,4db9e1f36c97542188b3601f2e1823968989cbe0ac3b481b8e29f565cfd213ee.multimod,0.0021893884986639023
138,0d8efe1c729d492bd4bf5d84e35f0d8afc3f16da78cee5f6dd71fb257a4ff375.multimod,0.0019026871304959059
139,71adc7ee991a9a914eed8f89b38eee0da23a669e06c506eb0ff162c503d48ab8.multimod,3.9713985541718795e-32
140,236f2d5510e16debfb060dd875e8399b4d3f41b5f6f99b4043c95d791a03956f.multimod,0.557335376739502
141,b32b419e0c0f7d8f9693a94e5f84139af4f648250e7cbd7bc38d61e1b27833cd.multimod,5.919932877240797e-10
142,1498c6144043260412d120df732f1c332c9f2b69310e1ca46848a6cf182d22f8.multimod,2.351266266487073e-05
143,4f0e65e8f12122481016fa670ccbde5b384d9cee7353dea457d67ffa751f1d14.multimod,8.369569620692019e-11
144,a3b96d580eccc20d4b41f77a9b1401244ceb22f43668becddb26de6b0b8d90f3.multimod,0.005963733419775963
145,cf55bdf437ab084d186b275497de1dc572c02ef89707ff0dfc876076bd64e999.multimod,0.0
146,46d832f45d17aa0a987da6e1ba7c60770691aeb7b8ce2d8d1f3ab4970c524831.multimod,1.6687445943488926e-36
147,d80737f0c31c53607b5527a5e14478cf9cddf466fd7e235a31bcc6111f76c258.multimod,1.5811541599068766e-31
148,34747c73d335bdfa65726c532b85840ec7c5ab4867e32bba1aeee73c92b2a42c.multimod,4.826659458764437e-22
149,f30248196e80961c21f37a12ca0164a362b0f8701e5dd5ad5ef1282a0900cbaa.multimod,0.00047308532521128654
150,c006e5662c03cc622cadacc084f3cac892aacd1010e94174ab54539dbee0cc04.multimod,1.0652901353455514e-18
151,80e8afb84e27050b8bddf0fbbb439bdccea81eb55c76abed883dca418f5114cf.multimod,0.2906420826911926
152,b4bc41d3b0cf8c62bc3abf76be880efa4d28c03d32d88d591ff7563c02886f44.multimod,3.130022321143095e-17
153,f5f193432967ad62a6a6e76932a8eae1882a1769f5a075ba92f4e86d77d49c7c.multimod,4.331894888309762e-05
154,9392a3cebe9ef882875c40d7916c19043a5039f8ea079936ac9d3498ed15e1d7.multimod,0.0
155,e05353975de7a8b1ac28ad1e5ecdeb85ec6a628f074abf9085b31aa44f5762e6.multimod,4.022697363474485e-14
156,355447f2adcf722446746368e15976f889fdf403320af79be010a1a7533724bf.multimod,3.8583612859248507e-23
157,3c526b3a5db78fee1c42fee4e68d44be10c1ef8ec5f8499e55d7732284b60eb8.multimod,3.282048708749824e-26
158,5eb93dbffd3f4f8a71a40ddc6134d4e5c45539d9e295bc78406090ec2d161c2c.multimod,4.312213902472363e-14
159,fa89f4760b9f04cec82aca5e8b852ecba5316f0bd0dd00606e2431c73f67582a.multimod,0.0002244310308014974
160,ba1ffe27d33f9897cfac94427d4f82351634524f4d6b0f172c2b0dacb05ffff1.multimod,0.0005958464462310076
161,f82aef3f7976144b504492eca95f00200930a49039095079b3893c3658f8981c.multimod,1.0955725971856584e-17
162,1889f7138fa8e2d3f259a3cab2acac7ac43cb61e116491f7dbfea70f27281429.multimod,0.14488443732261658
163,440575d0efa4f2deabb5f7717d8b5a434e7300d34da53e2249aa9e46cb7673c8.multimod,3.903418658180585e-13
164,ba8a429aac98f24a7c8ef8392aa60cbd5da822ff23dbc7de5c3dce3cb7e415ec.multimod,6.455647821868027e-11
165,565944b4bbe26ff6c36ef61920db1711bc7c5b92a6d2c9ea6afdec8e16a5e1be.multimod,3.0033676825906575e-13
166,72f8dc2941ede8b6c4ab6d4b0c947c8550074e535473cdd0811fad94d3f2d973.multimod,7.011807910349823e-19
167,b69aabc329ea97da49604eb04fcb31b095045eccadbda2d11527e57b02301160.multimod,4.493152960804991e-09
168,a78825b51f92a6a5ae0edfc7e91cc232e249e225d7f578763bd2007d68b3be01.multimod,5.944830860086158e-16
169,b3a839278021124c82fc3e9094c7401600f5922e6693a83525d709baafea4750.multimod,0.20600207149982452
170,4455a9fa8a32d6a59c487f87572878d4b40adb4c05414dfd9b148f149b8667a1.multimod,3.571589331841096e-05
171,acb4a16f3b4d5be645538c8e89d7a4daa1ad15e6bbd431da71689ae8eefb20ec.multimod,1.0145705585070438e-14
172,6cefc340b511e4d69c9850786cdd80d6ec7c6cf694800dae8afa3d9482353621.multimod,5.338806059621932e-35
173,3e8d5642175e5144f3c9bbc97aca01faaade95e3df31cd95a041753cd593223b.multimod,0.02869218774139881
174,59e0c2b26ce885a081252a5fbb921bc193ba8ded3d110b132ea421226909f540.multimod,0.2632800340652466
175,a349e2a8029264ef3d6bbc48ce73a98a34c6f2e6dcc1bd034a7d11d604112594.multimod,0.0005977004184387624
176,d84723a35679e1bdf121414f6b9dbaf5304edf32a43d4b62559c8558f9f96509.multimod,0.4687824547290802
177,5d8fdae0bce97aa816ab412d25828b73ce6cb6bc5d95aa9672be4bbbfc7a8be7.multimod,1.8494979853178606e-11
178,d121ff3fb7eb12a8628677b29a1094d9797ecd9cea18e1a9f40f89d1e3176c4d.multimod,6.620347508407378e-31
179,99a45fcb83abd465fb0bf5516a637aad6cdc167c7dbe40fddee7dea54dae0cf4.multimod,2.7515370537578576e-10
180,8e6a878e5a19f4d9437787b17bcdeae6f2f5851181ea1c9dd8aea4f86bd674a4.multimod,1.1189440758500868e-15
181,b879e08827d4e468bd111dbd347a95609358dec1c965e567a690e1265d367670.multimod,2.462848556206154e-07
182,24e3e046d255ad30b4a8c82c5136b87ce3967db020a7e347f93e75c1dfaf32cb.multimod,0.0
183,21686bd4e34ff55aed093c0b538cde574f891af33fcc173fdabf0818e96530e3.multimod,1.7866891299789245e-10
184,8143d0eef101f23b22bb2a4adbaea1a243c537f2bb782cc02336e39c7563593a.multimod,0.0013126571429893374
185,2a0393ee9ed16d826c2ff83012e442d7c9720d48f01a3fd568553e7badb3b06c.multimod,2.342765947105363e-05
186,227ed0c74ff7747b2ad62039a83602e5b20c59b2aecb9ac20cdc05be90197b0c.multimod,1.9667312596218028e-17
187,ad1fa0a06ffa88e00bc07ca61e93923b2ca6139c80866d2b24f5948bd3078b2a.multimod,4.637317439770694e-12
188,2ee5f9e383e4b0fa109eefe7256ac202ac22947f2db71f819c807bd9ec9a2a10.multimod,0.2649795114994049
189,71204dc4b164c332a720fc813048d52badb1b3da2bc7acbb3f1ba9616b7cd750.multimod,0.06218278035521507
190,6832234c4eae7a57be4f68271b7eecb056c4cd8352c67d2273d676208118871d.multimod,0.0021203956566751003
191,ac1fcb0850bf239a1cb1e9b5ca22b8d965846badd2cc01c59882e42a86647c07.multimod,8.386681571437293e-08
192,601048f52970252e77441906634dc531c521bf1d45559253e2b47f84de9982ed.multimod,8.32619169984199e-19
193,4302f60329dccbf1cab5e7b8edf1def0be686b7f0019998ce684ccfad3fc6ca9.multimod,1.0156602643647993e-26
194,8c0fd8065beab650f58a0f5a20c5ab4232c1083f8bb321e487a1cb1c5fbf76d3.multimod,0.0009072495740838349
195,8fd0a6094a417774ebe92b6aa0f9e6b4f6d9bdbe452b94be06d85b07803c6a36.multimod,2.304492099348233e-16
196,8db3addb28db9db62402e950b701de135ddee1cf48ff1a5103b59bdab17ab464.multimod,9.563928733846085e-24
197,681898740aa75b7302051ea87996821d00352c2014a6fff8024eacb2ba01b10b.multimod,0.00654089218005538
198,45099416acd51a4517bd8f6fb994ee0bb9408bdd80dd906183a3cdb4b39c4791.multimod,0.07945279031991959
199,2590527774e1460274928d33bc6acd2127ea19b7d7d2f3855b40a9652b463b7c.multimod,4.7536566682993e-08
200,caaeb2e0afa233fe2ae6249b30e63e683a5a7a98e20156e48e725a0ada7b8d50.multimod,0.016102442517876625
201,2b0f77c5543ee5ad752566c959e21c446847af6aab77d7f71aa3f7147ef444c0.multimod,1.4439887081607594e-06
202,ec657c09bd894ddbbe9196f02aaa902a71a8cd95885c018c21e2a43c4e853b1a.multimod,0.3068060874938965
203,63e5c8f115b78f721b1d375dfc1a2d3b2acaae3dc53089dd33f71d19bddfc760.multimod,3.9280854996713964e-27
204,6146ec2c143a96f67be38fc901ecff16669b41e670f046698cac7ab7c4f8413f.multimod,6.138883482499982e-14
205,76e80b31077a5d9d4b7a875d2377eb64a17baf72adf2f494f69c1b7db177f248.multimod,0.002360529964789748
206,c692166910e4c876c8741564a97943ab73d4cde1c84311263bf9661fdd058445.multimod,0.12793304026126862
207,69c52032ebc85ad4f54cfc9de7b54fa05f0d059d1b8dd62866e009c34f1dbd91.multimod,0.42173129320144653
208,be86fd3fbfc6648d7c17f12ad371c0224ee0aa1ca33c9f64fd95f9d7cda4e0e0.multimod,4.8694474635902424e-23
209,dd344a61a32bc54d598d8cef595a90df7e2045c2456fa64e7536788b904db00f.multimod,9.067623304821141e-26
210,899c85ea24c6d0653e25d1ac66c7af3f0188d08600412823ed8914c27b84233c.multimod,2.651840302902997e-09
211,8ffcc4e6160dbbb25cf205b26d4b524791ec97c8e6e3f5c207f7035cb036052c.multimod,2.028304217598089e-31
212,7024a472691185e823966a7668d5695058415fbc30574da72809cf5c291e2bc6.multimod,4.419060634922147e-18
213,8e8044b2fa9a151e7f10c239352964b6a73a08729e56a917faf1b2df1b2e7f42.multimod,0.01632203534245491
214,7e5099b19d45ff71f20e8c8409fd9683fd6b5bcfc72dc90e400544be72da2e05.multimod,3.224436895266081e-08
215,344d449e553113f529a3b121c3fc3369a1f9532ab1c65114338604de06dc6ec6.multimod,7.393825798932696e-21
216,3c2aaa09ffab7475246d84c5df8e9070322de661e3de082a66364aeb9516013d.multimod,0.0022284328006207943
217,6e15ec195a009b2df82c9b337f09f79ba34027703a20a49c831b92fbeb6aba92.multimod,0.1851174384355545
218,de211e65cd6fec8c29753da0e2f10d176732f2fbc2ed46cabde0ca2b8be1bf8c.multimod,8.28504109762207e-09
219,6a505dc88453e37376bcebb9c6ecd848cb0ef9a2c3f0f3edc863ad02db3f868b.multimod,3.1059055327631313e-10
220,0a4d010be1742edb7cd76ffef94e7a1d4cc8c1def1ac37930403ff9f5ccc4841.multimod,0.0
221,b93e02f659e68a6294b276f2a529228c6b35453a1bd66366b925ab3ecc86124c.multimod,1.1932627102462322e-17
222,d012fb80366825456910526390c7c5e19fb2ad3c930d40242c6b9167e0eb145a.multimod,1.6620736341864753e-21
223,c64f70120b507020abc696a4ee70997a4cf6db7a0d5c2930f675360e2c524ebf.multimod,1.5982486614491664e-24
224,4f6bf46228a819f7a28b1304cf20bf2bc661ce3a23a7d759fa19eb5c2cc29ae4.multimod,1.112538865642509e-16
225,3729e79c44788fae4a512cea7e33ea30e3d89fbad6284e880c2ad530f8ee074e.multimod,2.2698870338899724e-08
226,00088e191503bbfbd5c56a789a71e8c718e42ea422ec73c760ee2de489e02b2e.multimod,0.00016275951929856092
227,318ed0a197c269a6dd944562c21c2b24ebedcde5030d5b5ee8a8d1fd02050580.multimod,7.114697808674464e-08
228,8a5bd78678ab90a3c5a31332eab9b51b85396e896a1dc3267fa0b44b427c1427.multimod,4.1481066899527047e-16
229,27f8a055fdaebe9bb91e5075fef20cabc1dcce1d31ebc4dff4e35d1742b0f08b.multimod,4.273579534697092e-08
230,c8ba8381bf5d3f9591ee7d067a57fc6e39fcdf4a91ef15d3811722c7b2e14dd3.multimod,8.694504469246862e-31
231,47aadda3cee837e80c5b3bbd69885c0873c072bf86783b0ea4d7dd883f1e6954.multimod,3.554073668122188e-32
232,230b6df9519ce45d34f03d37a71464f064a5d8f9a4c80c4bf56ab184f88610ec.multimod,7.160747918533161e-05
233,2e24b9e064e812a04ce85678cd7e736492c5a9ec0a73d5c8900b01e692ec0bee.multimod,0.0
234,43dcb38bf8dca8f5c5174f99d367a9d0bb67cf0c2eb04827ca680b3b18ab16bc.multimod,3.957642911700532e-05
235,ec0e0d25aa1de4f38894fb1999d6f21535610ffba15423a02ec993fea1561c66.multimod,0.00013641304394695908
236,2e6a23988e79902fec21d4d236957eda66fc7ec016412a8e0c6a9c2871626481.multimod,3.407560143386945e-05
237,d55e1c764bd6e33fad5356189852cbf691cd2bf35646e87d4260d1b21c371a19.multimod,0.5307865142822266
238,a20fa8d1a69923e33722cddefd1e3c823801bd617565325c2f6fc811622c432d.multimod,1.3430893090284243e-25
239,8cd1c1ebbd0760c02ee3d131d2db4a903acb049b2011b4e80b0a5986167cd21f.multimod,0.2148498147726059
240,f6b9ee2f26dd56d569e1231ad93cd5c21d31e07bc072133bee89a981a990a4b2.multimod,6.110179636559243e-12
241,0b24921c9648d712d4b53d4f575db7ab448c92a40ae2cc23e31176893890bbbf.multimod,8.494399850178525e-09
242,2e4258e1aa3a68506607f3460508645bb5c9d0d2bb3b1fbd60fdd167698d48a5.multimod,4.662388164433651e-06
243,2f8adbd938d18045936c1ad440af090f4ebb4601c3973ea0b9d3f1e961d43f1b.multimod,3.386891190681335e-13
244,21a2525c016c5ab97e8f265838868e94c5cd473045b20a2fa196c9e6ef4e7521.multimod,0.0
245,fc0bb164998e7a851895a0c20d33c4812d8bed2884d9788c2dc057f8e49d3d2b.multimod,2.3869913361420082e-23
246,1b7f1aae4d3bd82317f3e9cb230d5b109ec572f9348575e2e84707bae2a29388.multimod,5.196231292470266e-11
247,2af834ecf5dbaf45637371444a4587e717f60928907c9b81cd9c0bac02967c2b.multimod,3.3359187634474097e-10
248,5a260b0d776565fc2158de35b1174b01ccb9a31f2ba953e7e86da6481e6dc4fb.multimod,0.0005667820805683732
249,da7a1bad161a06932d1ea6f3e8e60fdc660e28bc8a8e681837c619dffb2d0de1.multimod,1.269380364715869e-25
250,172f1e446506d2bc77d97653fc85b81f82c569e0d558950041707b38a9cefc1b.multimod,0.2845139503479004
251,a51dbc15447c3da2b9a21d0995e2013eb59fb81d6f1c0d2ed7ea8e16a5498261.multimod,1.048910478563705e-16
252,ece89cf3c8ead35954479c1a5cd0dcdf857226abfa8c6ad594a423ecdf991f92.multimod,4.543519338540136e-08
253,b971d3ab969ed8850e35fe805e253bcb8ef6b8a449baaf269de05b44e242ffd3.multimod,1.407549059165953e-17
254,70f1ae426f1880bac575da5aa6c95e00fa62bbdedf848afc46724688da0ebb12.multimod,0.08758245408535004
255,ac20971ffff8bcd23fcf9db965db865551d82fb9d2edbaee9e14915873f071d7.multimod,1.9363155447235034e-25
256,3ac5578a361a61554ea9fe2bdfff96bb01aed8b0b2e46e7dae6393cf28adf3a6.multimod,2.2516478265233175e-11
257,a3d4acc2916e66f4bb789cea07a805a8aaff461b962438723117f502bedbb504.multimod,0.4452274739742279
258,cf374651b56ed0d2933e9bdfc7de2db14d52c5e28466a37f272074c9cf43d588.multimod,1.0003732217600536e-11
259,e888192a3eaa165904cc19129aa31fc1bad9913fb1cfb2cc3df22dde8eeea68d.multimod,0.014851557090878487
260,a1d6dd23d379a7fcf1410071a72a2b839890b565840da449b7516f745fa7b960.multimod,1.8205710623925017e-23
261,1d5791bfa8d4097bb3ba4ac91fbbb519cdfca523b25edd63704a0e78876b7c0e.multimod,6.989003843671201e-17
262,c0b9cb21933aa79739df0851eb6b8b498f0827db48d78096fd265fe3865cda45.multimod,6.00787544713377e-11
263,7c4c09bf2f2260538afef12f86ddd38a8d2eca39696a1b885ef742f2d9898473.multimod,0.012324690818786621
264,13539e5b4d9ee32b5390aef4668a7e0f83a070775f909c2a4c8f63747aeff865.multimod,0.0
265,a97f41f4e73f81086b5b35120e0a9d939d05c6cab3e0b2c64a73df15b3f041ab.multimod,6.896733248140663e-05
266,3df3b92431aa06860890f7860bff994c96834ecd3316fbdf3d13de750ca08ed0.multimod,0.00018391187768429518
267,5c4b24e93e46b79f05768119a65c199951dcc717dad612988cefe93841dcf676.multimod,0.021808557212352753
268,ff0b5e588f1c41f7e6b51d3d6f815bdb52636710569229e895ddcdd43b4510b5.multimod,1.4125957694317378e-24
269,84719e948f6e1f58d2e8bfb649ba422ba1786ad3d691fbe6034cdfbd01fd8fab.multimod,0.12145721167325974
270,3ffecb10f4f3edbef6cd6ae622d80703bc2975c4e5bbe4c468be10d274f26a64.multimod,3.755347588452196e-09
271,2d3e5b8ea006dcdae57321f200290169a71ff6202e6b513875b49d54df5a6403.multimod,1.3089491712747758e-09
272,303aeaabc9d82998a511e314e8801f09cfee105b8010bf67876dcd67f1d6a6dc.multimod,2.8761732465185147e-29
273,e3a5cd6ac0d9d0af06ee723c2df737da7c1da5d529ceecad73b75ba790c30efc.multimod,1.4631488909344625e-07
274,c5b619ee2fce6ec33f6b389608b959ed4a4349cbbebe2c64ae50c67786138798.multimod,0.008551232516765594
275,d3ee20a0fd7e7aceff4413c3437191139437ea0287dcfa770e44c78e98bed0ef.multimod,1.0447635595198235e-12
276,2737b8bbd85fac48f1c10fd7f0dcef3dd7ebc51ad2fb0d6ccac9420c866b2da9.multimod,1.1146164524689084e-06
277,6160b006c77c0ad90450210c364fc48b45ef2605eb6863edaca34d3705a147d5.multimod,2.9114414572781518e-18
278,212ad558aa067655ed83bf63d6cdb254757edff4fb1147f669227310d87e495e.multimod,7.80694844708385e-13
279,3e25d5e21296214d8ef7469a6118727ce69aaae401923b5d41090f769b60dfaf.multimod,0.00013371571549214423
280,503caae4d6c62341f0afc7a3fdc1b0f5e17b997a23672131aefefe6e51fa2ea9.multimod,8.803122909674566e-33
281,414eac8bc58eeaab2c1060aa729f41544d513ffeb6965911d7487862051f9c16.multimod,0.0001186223526019603
282,095d66a5b98a204adc3857ae8759fe0909c051bb7b78ea8601064303b512515a.multimod,8.719452450242334e-16
283,692d9375bf99116d8ec392aa289f476fcb4381dacace0ce9f35abca88f4e7a26.multimod,2.8327051804482445e-14
284,12c43d0cfefa0b546632e2f45b3e6f97075425d06e01e7dfc4d20d4d6e3bcad0.multimod,0.0035653014201670885
285,c75cb918a4c466a7c7fc37af8165cd94c1cae90809cc8b5c38451bbc1aca5535.multimod,1.603738821749447e-22
286,c9f3cfe32f4a78d6dba6a1b3af3cc00974bf61b4eadbde4e8ab50cf5f77aae7c.multimod,9.047121940497505e-10
287,cdf9aa517926a5388d51acab846e9f95e3b1342def24cec0f8e84f64d1d594b6.multimod,3.370051126694307e-05
288,380064ebe3baece077775c70cefec597ec2ba1c7ae11272b4604e141f7301623.multimod,7.634542198187397e-24
289,439b9e97d41abecd2b198062e45a3b63514d0f0bf5671d37a918c30046933825.multimod,9.380800952381915e-16
290,3c2628ddc74a42e53c12dd917b915f309d09ff94dee7d99bbc5606d17214aaf5.multimod,3.30894166233886e-11
291,1e9c1f72fe6caa556e786b382171fcc389bbaf0e0ae2537b7f53af0e72599971.multimod,1.5224387552469543e-16
292,5ed6ce0794cf1636e434d678f3c609d7af8ab25e1655b6c2aec1c7f69cba00ed.multimod,0.05510774254798889
293,ee7ea9a89a9ef66735f11e5e58f807965b1a64f1bf6c53b7f6f35f944fce8d17.multimod,8.618083358763202e-15
294,d14861bbad61c4eb0f62e638f7ef6ec11204305f055ec015ca1a0e34cf990eab.multimod,0.5163528323173523
295,4d5ff01cc5f88bdb5c894c65b60bbb913a11422cea98a038cb2256fb6b85f90c.multimod,2.322950642605348e-12
296,ce681a316ee3067ccacbea304748e8e964f378c0205c47c0beaaeb10b3fb837f.multimod,3.9097468540350163e-16
297,910aaaa8b0b15a93e9fdca2e657eec95ba67fb36c1cb1b29ecc324b697c7c574.multimod,0.013703879900276661
298,bf5486c242542607076fe09791dfa944da7f67ba64d56c80e13daa4680d86a43.multimod,5.7204179029213265e-06
299,94f00012064d713859c6568f73770213f12ea33d418c7f3a9ca71efcacdb3de2.multimod,5.866957093758618e-12
300,e328b0037c89e14b1ea3249346abe22c3570fbc4fdea4c3eafe1ce272276f60f.multimod,2.9887432528852287e-09
301,723001999523d81451ebfda87d7aa2b4fadd58eed6dfcece697ab146dd551fe8.multimod,1.0528839931433844e-28
302,50ca58df33ea439ee40ee000e39fafbb7072d895a2a096527386f34b9eb42c47.multimod,0.00036126989289186895
303,075f616abd91e226a0e4c9b9d21bedaabf5f28cbfa39231046a0036f2596759b.multimod,5.2711773467143755e-30
304,2dd94e49e75467cb055099319fc90d0f93d0868e531593f857cf91f6f3220c87.multimod,1.343955272758095e-33
305,6a01a9e0fc20d47835fd19d732af97fc4a2d68e1f735f4cdea7d4eeb03fcf582.multimod,5.67467499551532e-16
306,df94ec2121c1712a4cb07adf1189f6e12efe61524f9e929ecf4bcd7658fab5a2.multimod,0.005386149510741234
307,4ebac0c622262494699f15a22c4d7528ff7f7f3236ad94e390301f0dcca3d0c0.multimod,0.28735047578811646
308,8967f06807c9682ac95a5f7451a97658a0b1902cd3d7a76d20b0facb621f80c3.multimod,0.2836666703224182
309,b0d035a581a70d811d138964fd21c8ebb4bec9457b1ea85a35d497b81562b256.multimod,0.13319797813892365
310,bc142d96631875b0d1458d086fb8a693aa0b6464c8b9e4cc2303b27ea892d340.multimod,0.022970033809542656
311,1a810818ff98498b3511128b3973981fe76b0dab4704a67ad755faba6c44354a.multimod,3.509583484463869e-34
312,67fb86b96e82236dddc9bcdc147d65bb8c5a52e256669a816c45b6f876f254f1.multimod,6.572204586108299e-12
313,4c90838a6b49583491f6cd074cb24395cee06579935e5feb67de3d956cb3d418.multimod,1.921705188578926e-05
314,29da584943b7693570e0b9f185661aec5242745940223204f530a8d52bfcfaec.multimod,0.0
315,0283baa21addd2197cb8de6270170db76c151dcf8d3f550be23bc87525eddf03.multimod,0.1078682541847229
316,9726175aa221ba22d9ce07d1665d5a6172c4e4bda1aeb3b5e44e5f06a4d9ec47.multimod,2.781592501905489e-13
317,601f5d3e5ce9235f718fd739dcc31f448257d653250da9bb92e788f108c57d28.multimod,2.5099033637045187e-13
318,55fe4c4fef7c9e07419fb26f90aad95a52b26d0baabe87d9d45d4c5bd4084fa7.multimod,2.878054173008827e-18
319,005b6377f2e5c52d85d3850ee9ea10fba8287334671577a2292fd844ffc5dda1.multimod,1.859374581815475e-26
320,e76564db03ecdf665d36c953789f58015351cf0cdbc094318ad534ca4e8f5ba6.multimod,1.5846203382624364e-34
321,84166104c0a7364679f275ed2a317677535ee437eb6217547247de5e2508c462.multimod,0.013102395460009575
322,b56ebfae90e4114f2dad08e90e6ea179099f2e63707e17a7e5b7e62d0f16a7be.multimod,3.446136431772828e-11
323,3662714ebaa129e1d656e47e08910f4a522f81e2e023425135892959a0f540ce.multimod,1.9134106356773908e-32
324,a979dec44edab1019a0590d0d58801f0822f782f786a47c3c02b20e11682f160.multimod,2.8629115400176353e-16
325,4d27efad6619c12431d73e28a796017d05c13e6ce8b9454e2af359f6cca833d0.multimod,2.46516140833819e-11
326,8c677058bc082911a74e8a82c0e368a5657c85ce3c29a4e72a33c1e36aa9cc1f.multimod,0.10671579092741013
327,a4be9560109280ee9a5d116aec50459955a55f2671e9c2cd116158925a5e5e79.multimod,4.861763613916992e-08
328,d0710a64d12b57a8afcc0d9c7e320330cda68a8dd5c0376fb115f2df4e25f183.multimod,9.132566628977656e-05
329,be37874a9559d0b165bfe801b9e682c9f778c69148126032a83ae33589e00994.multimod,5.35793021061437e-10
330,6b54af74b19726a2db3a66d3cc27977684c2d9a18db9a879fd62c05b893bb1f5.multimod,2.722451573620252e-18
331,32fe9ef7ee7f2214d686a88e9be101a74cc9b1ab47f52d7bb50ea8f0d4592a73.multimod,1.2672814166130248e-31
332,01a3ed554a26373d89deafacd69144f342c6d20dfaa870180b5bc21daff816d4.multimod,0.0010182294063270092
333,1ee8ac0de229186f3484f91ee1fc9072c0c4cbc1302c2641faebf569208bcd3c.multimod,3.202108464549131e-17
334,2956fec922814a7c97d60c8097d178691c43a9f27985370d3fce9b3ac2f5e31f.multimod,0.19568905234336853
335,09d9558a9fdfadb98af12f8af01344ad07ef959032eb8e20a8b0a4073bcdccf5.multimod,0.00019287927716504782
336,0a02157b6acd24011b8d165da2625b7a6c804287701f5e211d296bad2a0a10ce.multimod,1.813782678275892e-20
337,fd0550f23d61a11050b990c06ef84a869dc1893c0fa211b19c48be5f6bedd788.multimod,5.26129771802504e-14
338,716656921994cfa3e9fa78f96acd624c3c9f1dc03a0631d71fbf2dbd4a7b51ba.multimod,3.228238343311318e-09
339,31965fb6b0b67b53d3a2a3bf081091cf06b185767d9a98316cc97c9b99afd868.multimod,0.012920387089252472
340,2a7da49d08438e20a0cfa7bf451760cea951f9de084e1165d9c4f44c2419843b.multimod,3.2943694430395687e-13
341,935b6280aece5eb8a7fb92335f2a2a5c1e56a26d13921a537debf6170c1eb49f.multimod,6.185856271656576e-10
342,c281ea98101c21660e2b8c060de9dc7b521b659158c452bef5016650386cfb2c.multimod,9.059755723406226e-11
343,31469ddb39c7b3a15617c3698df1e07c963c7038a11db544d43c250d4038d494.multimod,0.0
344,c6a5680b10ca06f6ec03ba9dcda9b667a30b3f73e70bf9f3bee6cf779443bd68.multimod,1.3177270880919837e-17
345,29ab0d497d65a3759c9227c1e6d34e202eaf326786ff38ab2850634b3945207f.multimod,0.0003910406376235187
346,6affb9db0486bcde3222ec2512c706554694097b46b247b0e3075e0a22ed5867.multimod,0.0
347,02128bc06f2b442388353879c7188634a83378795d29c5dfc7216bab2e3377cb.multimod,2.835987278348995e-10
348,37f744e08603d370514a1f3e41a657ea3f9076e5faea7ddd3edd997cc6950fba.multimod,0.5405128598213196
349,2ac0adef56706fec58c1deaee0873c37000b1230ac4869842db234d65ec48916.multimod,3.499016827390733e-07
350,12fb1925a4eef49b1863573532e9dde7cdf41d6d220c28221ebed9a8c6b29e8a.multimod,8.794688034199829e-16
351,146e8126fada968ce8e2b00c3b466e468e4fec88adca59ae23c5df453a941e7d.multimod,6.308405223573848e-38
352,04d8ef5ba4842b7c4661a31279ce04e9c3fe0c4028d11112fdc0195e7b241ea4.multimod,8.738020628401649e-20
353,21718c10ed6331d1b7935cb02c98ba1cad46997eb98cf68ee2c69c304c59cccc.multimod,0.02961084619164467
354,3ee33f295e2991e635d1381bbf2690415f310e3eba4e7c9d6d0b9d3d0d90283d.multimod,6.563154323669957e-16
355,8f231258246dc8bf10caf2cd3278884b35eb621b188f3785393bb936d1ee10a9.multimod,6.2309451218448e-14
356,106e18ce5a5299c6a0b497f8ebfc0ef4ac5197d2cc21ad3581afc1d019b036d7.multimod,3.0880116062012785e-35
357,fce6ae32f9c2157b7336f166fed40909b174f1933cfeb12bf2c569e5d7bf3197.multimod,0.06322511285543442
358,d7233e269b529198362c29b5f8a15f09e7e4e282c8e35eb68b45b57978f63dd2.multimod,0.002845960669219494
359,b6ff0c6bb3f80ecce0a8240fb74d5e47113a560cf2126aead04875a849fce62f.multimod,1.7148769858028705e-14
360,8e706d02d3f7d76a3b58fc632b0a698d6f9d9ac6682db4cab0432be5517160dc.multimod,1.110905088278729e-27
361,37dbaa13b3a42eeb4c505f25b16d9c1c4454c69310a20a1656afafa788048343.multimod,1.4121611535637527e-16
362,1c2950161a5131ede6121a3a630084f96612be7a463237fb65fd29c62fd836be.multimod,4.494347289010661e-16
363,1be5e7ad90d66a41f410bb7c96398170a08450d97f16fbfb991a687308dfe6bd.multimod,0.41453880071640015
364,2f1199f22b6aedb7cb2ea8769a07ed5e96141efbf3757a1cc5bb75e15b54c520.multimod,0.011172699742019176
365,6e7bc78ac91c94f59512d4963e6a9c6314bdc680403d9a9dcb96bfb3bb6acbad.multimod,1.6306927753668305e-17
366,6a5686cab9c3845c0f0d245f6abd212986eaaedec6f6eeb958252a6bac6280b1.multimod,1.330063031324594e-23
367,db197563301ffe4f991e813d3f8ed74edec051b34a66d3fa142446b02c95db3b.multimod,8.040409240657435e-23
368,b3119882a77a7424c462aac555a02192969ca5aa3190f231c12e5054d177ea45.multimod,3.926085304062794e-32
369,26fbec09b4196260dca8ef94d2605dba8d4db6bb869a170c83ad99bdcb1eb70d.multimod,0.3053494095802307
370,166881bde3dc812f6195218aae6a5bba31ac01655b151e6126df5d90d7ea87d1.multimod,4.662498143646887e-13
371,0dcad1b75b528e1f20b40e4ef70487534db04c4592a7f9e93183f352ed49fa21.multimod,9.039567426997127e-32
372,912ebc348739fcaa2e9c8816e74444463108bd54a6c04a9083bdfaace8d27ae5.multimod,1.7509128912365779e-12
373,ab4b9e66ce0c2820e6cefeead4f14dca8556e28b35e4821e4a3e81740afbc254.multimod,8.50819787956425e-07
374,d9c10887f9cb60439a630731ef11e027cd0dcc9efb249c59f189fae8b39dc469.multimod,5.441483007035293e-23
375,8391bf0520f5f74d52e5286cc4aa8ec2fcc879d335054896e4c4bc88ec35d083.multimod,0.0007414735737256706
376,5fb4cfebd5cb8aabdd0a4163a3f54998ebd337e7d877279cc8b4e4d319ca4178.multimod,3.689172274334851e-07
377,54f2a636e000c55bb725d7e552a22117837c1676fb4b96decd135ae10e6f7049.multimod,7.771335575057492e-09
378,7ca82b639e1519012810745a4124d4d84ad25d1ce31a0c55f70b9f7b463dd31d.multimod,7.418999814490235e-08
379,82fbaf6d1e9feb96bd67a1636732077d8abb3ca5b6c50ad7b0d7448c778408bb.multimod,8.856346198626852e-07
380,7c95757d8c4c4ec33ada77ed757b25f6f5a17fe4e4d97fbd35826acfbabcc0b1.multimod,5.363199120922424e-11
381,cc5631b4b6b5d13a0371a1b9b83b72357d252a02362c0fca71cf95d0868ffcc7.multimod,0.23568400740623474
382,17e6fbc7255afc92d179ab1c38c894b0d5182fa3f9cfc19c88363e2b6a248b22.multimod,7.164610608713807e-30
383,f1e84424e058a2de55b5dbec62e9c40fa98798241a7fcd6ef19bfbf098c08421.multimod,1.7989063962886576e-06
384,07dc04b694b2bbcdde7ac558de95ec8697ab5f00c021c7c429c52d50239218c5.multimod,4.354470490852691e-07
385,6eb51ab4443b237ffdfee833801b39a41e5b6f67d70e38193d96bb61472a4c14.multimod,3.3917877205295326e-18
386,98a402d885cdb941dca8b45a4bbcbbe7f44ba62910d519bc1c2161dba117ebd2.multimod,8.774937043654063e-08
387,3b41eb134ca4d290861316ed9a7923717b27bb40466ca41372d0e8b2b353600d.multimod,6.341571406665025e-06
388,397bd767addb9e3bd672943b294846ec4abcee6f0633963a8bb86c6b6a278f1f.multimod,0.0011462061665952206
389,a2b17316fa82c6b24d25d6d45b85669d2db4ca28a3aa8bc6a5fed4017dc5c510.multimod,2.4821671597323935e-15
390,7f01eed412cd8f21818fdeacc0bbec42c52c35264c133a661d400be02557c760.multimod,0.16230806708335876
391,07f3c7f2aef7d3d880b1393efe7932901037d403aceadda5d3b257c8f378361f.multimod,6.199897143233102e-06
392,13e7af1dc290ca2b771233b835ff412ff8c7b2e27ed50b1debc7791e74b21031.multimod,1.6680938390036592e-25
393,18e13452c34ea8677c31a66f6612a98153e92a464127a244f99afeef63f205c9.multimod,0.002947387518361211
394,06833a3279b04c3f077fbae9f15f7c75f60ac50523bee0ef17584bbcd248cce5.multimod,0.00021746288985013962
395,e22218ffe77e9d24d5677bcc2f80acf47dd6fb1eee688c865134bd8844ed5ad2.multimod,0.15926246345043182
396,216ebf8b29811eeb780709d25025490ba25b4a89fa7edd555c7604cc7a8db614.multimod,5.429944082194831e-26
397,14fdafa6e3384d00ec33fac24a916b51874ac7362d46734c664767e517b77abd.multimod,1.4004385775479022e-06
398,ce19972c3702405c2495dcd2ffcfb246a2632a4beb0c38bedf379bd4ab27236f.multimod,1.3043374415058154e-26
399,ec9568b4f2aaaab7668bf7462d6f20cc1edcb867598a9ebe88cf1f75885fcf8f.multimod,8.315763989230618e-05
400,87ee0a600af8e8b88fee76ce7bf18b0839a8e0ec2f5b05fb7e470732aa32ea44.multimod,5.815752610396907e-13
401,2c854b8ac5579a5a01d03bd837000b6cc1a62bf4928302e5c0b5b9f4894bfce8.multimod,0.0006364153232425451
402,8000b1ab0622dcdea6b543e2fd59fdfa65bb0c5ef285f9ab523f4cd9e326ec8e.multimod,0.314990758895874
403,b380fe9545e6bfd3e6dd76fffcba308d2317080d4e016203605deed475eebc8e.multimod,4.2720316173472384e-07
404,e9ef2d3002897f11e041e64863d47a4affbfdc5216f860fab51ae51447a5e23a.multimod,8.917048035073094e-06
405,cb281a48e01af1409724b34eefe06d9fe2d5eaee749c688fb1a0babdbb3ba29d.multimod,1.198429466775508e-09
406,53e99ae21ed353f60743dc8420e4d0f74e50b6e05a431252ec75c8d7d553f0fc.multimod,3.4721185784292175e-06
407,032060a95d29101dcf49c926060fb742e8c72e4e07c8d7535d7abd5c49dc2d33.multimod,0.001775306067429483
408,f817af8391af5b16b93a7b36d856cc2691902e0cacf0275679adca9279e154e4.multimod,0.00015395328227896243
409,25e5a24c5de93341bd91c686a0fb15933cbf6cd91ae16e63ca535e04b4f92c0d.multimod,1.1559966127386897e-23
410,0be1ab066b0a4b7732ad7a7ab25d94f716a216e09df54477db546db549d0ea82.multimod,3.685414038820224e-20
411,40c49926c705252dbbe8a22d3e7ced26ed3a6052755106bfbf9d6d3c783347b3.multimod,0.14117199182510376
412,a49a8e28ddb48297bcfe0393d40d5e7b0cdb836a6d7b3a8adc6d95a3c7a4991a.multimod,3.609118710768009e-24
413,580bf849be19bb6426e771788b050882b1245f4f18b9366ce5888b4be9265afc.multimod,0.010921657085418701
414,63bf9898a2d32b539d5cbbc9d80237ea0a0a0bde62043a887eb0b77a5618ee0e.multimod,1.1363628247297416e-28
415,118209d7a353193aabf1c86e2b01ef4180d93253bd150286f2dae4ec9e52ccad.multimod,4.2908229053173486e-12
416,5875d57c99aa682fd346e4a42e8d053bf8a143f6218a2cd1912b6429a97e1ee6.multimod,1.3904073448145482e-08
417,9eac13e3ee0687bc84d96419381d86a93dcbde02d7e9fc474978a0db31d42bad.multimod,0.22499072551727295
418,6b930aac74f77309d1f4bb6607886234d1d19576c1eea4039ad803cb3c5bb249.multimod,5.560348311646447e-16
419,6c1d0a5acf7100bc278fa7227569851ecd43b5025a184e067e2a91f608b55194.multimod,3.3766609300323047e-12
420,181fac24f4f80c7618a356e51cd5a3eba683202f903ff910bbc94921d6ab6247.multimod,0.5478213429450989
421,7fe103bd0f6f4313a25dd8d2188faa386e993296c2d59aa53337dd0091f1cc45.multimod,0.08302919566631317
422,dd9e6108e097e7d9a15c3b5a92071341ed9ee4e222974892396bf820463de82c.multimod,4.621818878135231e-13
423,162c54effb4e9777120d4a31aab04e6cb43e0987e3db3ab3e19d3d310cbe8f4d.multimod,7.090377547244731e-13
424,81ecb370fe732559cbf1ffae4b5ab78df3918abd84c84da379ee7f07ac2f1ae7.multimod,1.1475756487932002e-22
425,b029a2fbb1c761514117be1fc8c8432d1e6f232124e258b50a283de3f37ddf79.multimod,0.0
426,e406425a8c15b797924b55ed4e2c8ef8d1909b72285c1c5a13cd8857eb907c78.multimod,4.321176675148308e-06
427,f263552d7725bb43699c5e730dc32465d022786abbe773c2c12b1701282f305f.multimod,5.599132180122979e-08
428,a68ee7424cc495dbf759526e006af0d124091ea0f4e2ac2619cdfe08d122736c.multimod,0.0
429,e0d8d27b153405d5a3b9324378509148b4abcbbb848dbf72c19d8b6d1f953349.multimod,3.1796077272841505e-13
430,2ebe5292cbbf14280e5a9e8c4761b8d0625e5c5d94cc9b1ee6b63bd487e6a7a7.multimod,0.0008210926898755133
431,0a7695a7a6c27bdf7e3acd77136642589a28de08b14a81328a39bd3ab5fd095d.multimod,0.0894947424530983
432,94459168443fd3ec3633deaf0a020f9e6b3482278e622f6778b560e4ac5c9804.multimod,0.0
433,1c17aaae04d40cb240a0b450e1d4755159a94f52b47c84eea62a547910c2745d.multimod,0.33988046646118164
434,f8778fe4bf85a74a90dc878a833ba45a01f516b04bbaacf398e26c68ff2d8b54.multimod,7.187982191680931e-07
435,7ce95197812fb798e7c9a77ea67ae8ceedbcbca029e074b7b0ef821580bc6387.multimod,2.334565207817718e-09
436,977677e220b1eaf3ab62e25f4f8793e56e04bdaa3add0562b3203e9d1bcb0168.multimod,0.38371750712394714
437,9ef8740e3d9af7b08d3cca5e151cfd05927401ce90bb7883d886c9078d3c04cd.multimod,1.1011627807505642e-12
438,8f5a77e9e6e3e58b74809b1a2b3bd59fc7e557b5eaf76778de26e4d88c1bdc61.multimod,6.164371664079289e-22
439,64860a1865add3d00a4f082002238534c40bb3a38addd6208e4e24cbfd6fd21f.multimod,8.317372568455994e-09
440,f37a63d25972f7a724dd83cef11c70577e3ed57a6e06e33d754eda4004e35bdb.multimod,2.8335568191371495e-18
441,57d5f79200f1c0f07401a8ca61a2cec66f3c6587c00b37b00e2bf221134b7d3b.multimod,4.9570182454772294e-05
442,0d99fcef20eedd56c2a4ff1ec1e29d99063e285996e50529b7ca2df1a03a9b5d.multimod,0.047792963683605194
443,0a0a78000e418ea28fa02e8c162c43396db6141ef8fe876db4027fef04bed663.multimod,1.2126824544544945e-10
444,7a51665db42a07411486017575c7e13c0cc6a4f19bbefaa79c4d28919c884765.multimod,5.542532032392136e-16
445,8ffaca27dad89bfea9b2086e9477c7147a4ac68143d065e83831c4b493e94877.multimod,2.127347329405893e-07
446,ea64e980d7a5420ec53c3eb9126292dad3b3c58ccc2a2b7ac95a6922b4e0635f.multimod,2.8387465135892853e-05
447,5394c023e39a4bda0e72a8b69a0ffce4c4d20c61f903a10fd98a8ef161812d10.multimod,2.163148701626699e-24
448,12cf9337c22cd97ad0ff14cc7ce03dae1ac55ae7ce8dbaed1835b29a1e2fba02.multimod,0.358524888753891
449,3bbd75beadebd85b334afad9bd0914ed47b91fedd07be3aa78a1d27e18e81c15.multimod,0.15077659487724304
450,0abccad6ac3523c968c44dec57d7a7bd50400a55eba02dc37c7c2f6e6a759292.multimod,0.07889783382415771
451,6b33641b0f8b8022e8b245e38a02cdc6dd5a8f9653d82f89746671fe669c3bd6.multimod,8.724793416491246e-15
452,f9a57ca11d800dbcecc9042f056e202f697da89d7fd117779ef73af35a8580b5.multimod,1.3225173053980037e-21
453,21748330eac548b0f72c3d171e1c1c6b8a7c441cb6f1800805d12418ff315bc5.multimod,1.770353111177444e-21
454,7e816684532c0c283cee722e1784108e02adabc6af80c1fe3e6e8b4e3a256ff7.multimod,3.2666700502918153e-25
455,50043ba8693639bbd00ce65842d7fabdd3da8c89e8d18b16bcffb701e6dab2e4.multimod,1.0456715244799852e-05
456,f63e1849f6ae1dcd072b0f117d79cc5386b4426e5e00c9d012686aa628e7fa98.multimod,0.06708885729312897
457,45a4f3c8791e8b2e4984d8d81302dda5f47b1f41b03b3ae2545be5c78b8900c7.multimod,0.00010400822793599218
458,f2869142e80c30070f4cab580a3bcf6d40ff7c8f7b8cd9f6a8ff5e052d8f3eda.multimod,1.1338444892317057e-05
459,ed9e658b762b1db20f1c0290e07e51fb8ee09a7f13c5d78a31024e1530b77fdb.multimod,1.0240728443022817e-06
460,675e2a0354e9ad2d061ee94f307ba855d605d342f11fea16a6fb0fed5862efc1.multimod,0.025674907490611076
461,056bc81460cda943ac414977bb1f62388bb40e1e9f418c2290a03968e8411985.multimod,1.746829932384087e-30
462,e5990c58278312198ee228c4716dc8e79d73f86e824a97d700f10bd2b973dc56.multimod,2.795530386700911e-15
463,a21098066148e00cb65d10dcccbf125b7d54bb1b956508115cd3962c03a971c3.multimod,2.463297045760246e-17
464,365b4daf45f7306879fcf15eca4c579423746e517a31f3f8b3a6a7d30da46369.multimod,1.798423363652546e-05
465,190e95a5e6634649ca2e952d2f5584185aa6ff9b2cde9c114dbcb9aa7815e9aa.multimod,0.3364464342594147
466,da6a0d839e695f402a68c2aead7a2fedeafc467bccdb390d95e8d1e73c632e61.multimod,3.4952702336583192e-15
467,16353632c67e27772e5505b9eaa1acfbab2755cca1678b6953bb224f5710a3a0.multimod,1.1784337949904966e-08
468,263f4066e338288268d678fa28fb8278446be1caa20c491b9f542f5bc47169fa.multimod,0.0019307653419673443
469,62e48723ae8dfbca69679e512ec7816cd1892aaf82cbc1234fe69999a9532a48.multimod,0.00483357347548008
470,0322688512b63087bfab1aac1239fa749e938f245cdf5c406773acb89a5e2906.multimod,0.3699628710746765
471,8b03acce4d7b36f8b41eec51c7cf42466748779c92d669157baa2e13fbd420c6.multimod,4.183204873697832e-05
472,979943dd63751d4882f075c7976848fe08e57eb95371d037235d88f8850f3c43.multimod,2.320767923773974e-27
473,b96ed1a59f47b5c8889985fb04304216bed3d41a3fa340ce67c686628b583034.multimod,2.6640323994797654e-05
474,d0152dece80d18515a3ab1904928cbddfeb488737a5867492e17b7df0dd236f8.multimod,3.7876062912277223e-16
475,e3439bb4cbf0dd31b4867536565066aaf2e61f1d42a9d33c5e7f33a7ec6c3858.multimod,1.0469181688677054e-05
476,6618df0a4473b835763734a3bbaeb2dc450818eb410129a6465741d9ae1fcdc5.multimod,4.3002154614946164e-10
477,728bc8817d750bf9679f67a9011bd81c07de3e1d2ac9c876165ba0ceb8427585.multimod,3.8314962097149574e-13
478,f254f825b6306ce72d1f5b7690d5b6dc60053421356440c7ae6ac44fd0c9195b.multimod,4.2565938201732934e-05
479,50b1800e0fe09db1003ccc11cef68cf279338816c20f08d6a7f5cbc65fa615ca.multimod,1.0731516079865187e-22
480,93ae151c9306a10229964f249c015f2a9312f858c0bed9f5a826b6f3fa1b6603.multimod,0.0033485996536910534
481,b7b9067db6efbe97ab54980b32659fbba2d0b05ac82d378b0e8ef0eb41b2bd1b.multimod,9.040271252927853e-22
482,703d56caa241a7480e1971cb1eb928e909a5450b13653c64dd653d3f32fb3174.multimod,9.487042092670359e-14
483,1d3c6b851bf13cc29c36328fd41293e6002d429e3b090fde101d22e4d90f6d58.multimod,8.299006542580363e-26
484,b4ac6d33df4465d0acc7c769034313afd10fc8af3c9017629fcd8efc3cdd3882.multimod,6.949818197564622e-35
485,b1e275221a66258328f2a08e9c41ca7ee82e9925c8cb2858d348fe30e080db07.multimod,5.393608216750258e-28
486,3a2bd4860eba4a72257588566a8c5825261a6c3a20e704cdb2bcc28ab22a7f3e.multimod,4.31724682663715e-34
487,29db00f704767ae5a4262f3ce25c61d03d68ad18f3cfb6e6604d9524f20fef08.multimod,9.588000438043309e-08
488,7fb696d6c5ab3b21a226416207f52c174fe10e709b2bae474fd65c27c7069e4a.multimod,2.801270093709743e-14
489,ad112a57839ccd2fd17a6281fdbc70c516712bbf3ae30e5a792e1f349831f053.multimod,3.8870246658293276e-16
490,b7d47764ecb4875bf1ee069f33b9908f44e7f5cdf06ec0e5477c96250228fc0b.multimod,5.156691535472865e-36
491,a530c7dd9252be26ba40a4a6bd27858fbffa1710fd7b594322ffe323760b8e79.multimod,0.023180585354566574
492,3f377d9d0d9e98fff2a45469d57cf385ada1cdc0cd6a23f0f2b6b74e1e452c8d.multimod,1.1103545860535746e-10
493,3b5bc140a2aef48bd334b45080465e40c3c238a62f88ec2784cf1927188a3454.multimod,0.024015605449676514
494,5f0dbf2b42bf9f400ea4cc81030de3eacd676e54b671a524259a5ceff938e210.multimod,0.07900433987379074
495,ea988cb90c3743a76729355b9575103bb4842d72ee09ad8bae21b287fb74a174.multimod,0.5378872156143188
496,4e711f2b2d470184b186f7bab1cc1dda5756a3a168aa61484aee0015ece7f9ac.multimod,1.3635291084158202e-13
497,681469179d63440b0d40b6158c49a3efcb4d729bb333af70c9575743812c7646.multimod,2.3446736074495847e-29
498,a49e1e2c58694b2ef1a0bb4a9d7b5a77b45300a74c15129bf0b2f1aa324cbe59.multimod,1.804794673585113e-16
499,96f0401eeb9f1af751950b84b0c849523c645968481ade99d9342c4166664ec1.multimod,4.344585802229517e-10
500,75f6ce8cf0265991ff847faa2d63966ca336d6b18fe958d8a60b45c326ee2802.multimod,2.264673775329523e-17
501,dec113368b123f27c8ba599fb06a0cc40831420449eca6983e38ae521e34c7f8.multimod,0.27737516164779663
502,7b40ede3642fc216b51ba07ada55bfb4db3c6de9df31b6854b4ad0dd799f9ab3.multimod,0.0
503,7be76d9da943db286698053a39f93fe46c403c1150fe3c0cbfeb49a1f1875ff3.multimod,0.6694055199623108
504,43f95437e24ffc876240bc06112f25fba0b896169de618b47ca985537d12e10e.multimod,0.120038241147995
505,10fa98477543e7e25cd728ad001d7db1c34de45f80938d5c794c72b3d4fdcbf3.multimod,9.94797512686428e-28
506,b14ccbcbb6a1ee228d8cf993a5cbe4b486568d75ef2d0ba1af3b33c1b4b1ce97.multimod,6.022903009661462e-11
507,256669c736ddd3ff0459182082d559271cf07c7467cad7043d2d608431d14ce8.multimod,0.059185635298490524
508,4fb6bcac98872b0ee94d3ca258069b6b02cafcb0980c5a44482a950b2ab62b45.multimod,4.054933470685491e-21
509,82aca2743ad212d945af1c56f52a01f1fd9e603baee3841f4d78202bd5732d4c.multimod,0.0021030863281339407
510,b362b1e271d6fd5fca1ebc0e58ba612b05da08fe5bee17b3e4c2b9e7c1a39f06.multimod,0.0
511,6205f5ca16bddaf340cec57e7b4456d45ff0fd7981b9320ef28a07e6d298f17f.multimod,0.1706501990556717
512,d52fa0c3e3eceadcfea9666d007c0f6554fdd9c4fdf1402874a6fbc81ff5212b.multimod,3.234697937021941e-13
513,be2c086c69fb7fc8a48cbaed4ac3926dc491ef563aee67ee0e04f6957a0b47a7.multimod,2.099422096020578e-31
514,d49733d22389edd8ed0615f6cb86613ec1a86092a58da2faf81736cb17326d0d.multimod,4.3645246667673625e-16
515,ab8831fb36948a337afc7e4ac9d40381fa1ee26e210f27a342a6b986273bbb01.multimod,1.0998788041634028e-14
516,0dafff9c540c9bc3ff5dfeaf8b4e447b1427e7ceab547a81914b7a2fcb70c10a.multimod,0.16401822865009308
517,c84881c7688511e4d75275c00f8cf3604d02cca5540455ec7b721499d108a626.multimod,2.3657317426090385e-35
518,e09d74d6533ec734a5d6d4c5d60a428da8008a8a5701a3871bd2504a203ca7d5.multimod,0.1994628757238388
519,9943b22719f7b9543c7fa8f1e03e791d99257689c4d9dc44b01268aad883ed56.multimod,0.2876106798648834
520,004d92fbf197f97658f817f0d7ca7219729db23b8211a18f3c5a2bc0120e4c0d.multimod,3.227242149732301e-13
521,4fef0345a3db570e0e31cb64db0444fbd5f230b0eb01f1fedcc3e7cf0ade9e29.multimod,1.030238379380619e-23
522,121926613e11498143e807c5aa5fd2b81374ea4a68c22c4f468f753c841c9c5f.multimod,0.052224718034267426
523,309fcb0b2bb599d5a9869ad50b670344607c8c1fada568d8336f35622910468c.multimod,1.9250805376874736e-12
524,451626be7da020fca53bbe8794d56155549f19c156d339ff360370c998fb8028.multimod,0.31989744305610657
525,845570ceffeeb13fcabb697c790619045e9aea431b17514c1369fff07a0f7281.multimod,1.1455082996254026e-14
526,a75ce62ec4bba777ba39113d1a937e02b934c58ce44e744e256d29fd79c8aeaf.multimod,3.475682024145499e-05
527,7b7d629c19f6b3da2d54a385beaf7b1bd46966210f066eaa225db70576d890d4.multimod,1.4904305403454412e-30
528,52d977f5581e20d202c3282646654f000ff336f3c7f1eacfbdc78a8c1ca46424.multimod,0.07677015662193298
529,c2e5dbda1e9a4fe32bfc9ebd3eea1e2a83d3850c73e9dedc836e2aeda01632c6.multimod,0.0
530,c5374aa9b21787ef8dbfe78d9944f5243711d8fffb4d417983592953b075d0bd.multimod,0.09282588958740234
531,44c1bf70dc22d430601568b1981441538a8562ca837fdd10ef169d32497bc17e.multimod,2.1116088646522257e-06
532,b507af69805b44470dee6466a3855adc72b56f6dbe400cdc68f09db5f2485679.multimod,1.7325581893601338e-06
533,ac0c677ee220d2f0b475b2128e6dedf6186d8389aca7c51f2e768c5bc28228fc.multimod,4.607777962593454e-25
534,7e51a23ed54ce9a370ac1784ca7760c89b8a6b6e896f292ef9a520d06d396a5f.multimod,3.548942929154436e-32
535,dc6aff0863e0283d1494bd14455fbeda5c40ca387ee35e828705a868e5a9ce6c.multimod,1.6504865043217038e-18
536,eebc5bd52247c085034fcf928a1610394f9189848f2a61cd21851d13c433f367.multimod,1.960363251035094e-18
537,7dd507f7d4db5116fd841ec811c09f3b9c684b31efbebfcd6695830f56fd093e.multimod,1.3747090836143344e-29
538,37af9eeab701cd56c7ef61924705348443917270fd9e14553dc3940e53f4b1cb.multimod,6.505531668921094e-10
539,88aa47b82ac699a45b5feead0b4b60acd50b0372af4956008c49041f592b5270.multimod,1.0119001408027774e-32
540,c1a94e9fd0a6bda7e5ead89d8ef9ee064aeccdaf65238bf604f33e987a8656b9.multimod,1.928366388554044e-14
541,171d6c5820d5882e9759a676fbc36716aeeadc3b782d8750f5ad1ef955f842d5.multimod,2.9767863077675997e-34
542,958fd2b860cc07df116f6a9ce961e3e22333064ced4c8ccdd7b66b89bb29c09d.multimod,1.0000707334256731e-05
543,1926abca7d75566f7bd1a935a7762f7dfd52be6dab8da95296ad87f4b7812160.multimod,6.190322560106765e-11
544,a3a9c61fd54ce9399da74f2359ab90f75bee682120ec32259e904f72f76ee7ec.multimod,9.947794588072156e-09
545,41cd64383eda48480f9a6e3fbb20d8642e19cc4d7bd6b738f25892e6737252d3.multimod,1.6175780159777275e-10
546,da2faf273aeda56074964e6d6e48c82be0856da80236f91ea8ec72347418dfc3.multimod,3.2073637612484163e-06
547,c140a16408a4af17f2aaac7a997f8b00ccef3d099ddb1caac2472e28fd5f2c30.multimod,0.0
548,9565354a523a4d69253eff10209145f1dbb5068bd23052f4b79dbe0c31c73d83.multimod,1.489719264645954e-21
549,4d873af4820deacba019f177b37f13495910568bf3547b8acdc10c06daf094b5.multimod,1.5656995169067535e-33
550,ee5a46aef2c8de91dcf82d346fdcfb9f4d81f74ea9b02406cf71d830b68f505d.multimod,9.333289926871657e-05
551,c086053eb0e0b21c9edfedf482d42f28b23d61b3d4a8ca52fa1dd2a9b6244bc8.multimod,0.40648141503334045
552,c822f0fb99272de68f97ad4f6f0246a0a042d1752317475f594fb8391607c0a9.multimod,2.2596571835897805e-10
553,9521ca7920e46c233d59b0a1bf360580b0e673ec117b782ff8931167463a5f55.multimod,0.3185168504714966
554,d03c6baa787d30cad9e23565f09209790c978948a5f737e327e68014f5b7f183.multimod,3.606884391160747e-08
555,b353a175d830be7388b7a55a1cc7aa8d617d98a6be0458b5460e8b544645579c.multimod,0.41276466846466064
556,1e0de6bc270ce48afb50b6ef62924281b3767d84b9fcc18c58c68041394f7479.multimod,1.9173799614691234e-07
557,753e406d6a3d5c465f7cd266f3fc82eaf365d4c3d13446a82e708b9a065f2545.multimod,8.543800389393397e-11
558,1d298cee8346a82f15ba56436a9537fb7a5285a9f2e536a5bee3dc169bf17163.multimod,8.326929190616283e-08
559,8e8c4eb2831022830cc6c35cfc07f63480cc716776770a2030063c120dd299ba.multimod,1.4635089806702695e-09
560,024d89786cd52f23927d225a0ec23c04fb9de9c27f0892d6c6e2758e9d6021c5.multimod,0.015607807785272598
561,e469db1245b2bec2979810c751e081c7e89429c8caefca32dc8289e8e0534c70.multimod,2.3015210614055204e-13
562,287716c446a60ad6c658da6d4ec216e3bf075cb08a6879faa465ef33aa84bbca.multimod,5.274373577390042e-16
563,ecfbeb473cb73a57570ededa5ad12f3aac09a76322ab42c14a6fc5acbfbbb553.multimod,0.09610671550035477
564,6ca3e61ce853dc177cbf11a13f718640e0e064739b04f0e8488a3f9c98a7761b.multimod,0.20130448043346405
565,b6a2e409f0039fa58cbf62c0862bbf35af77842d64744224b0b37c6d3dbdf2ac.multimod,2.1382370971479575e-14
566,cbc137a7a1c4fe8a8ff5858c6a585088712acb42cacb145ec59898dbfb20a1b8.multimod,0.368811696767807
567,e4099b4d69620aa4490ea464089b85e88feec723248a2fc914da9ea83d7ca5a1.multimod,0.41671228408813477
568,76003cc3dfb3de1635d1459e3bebfedd60bb05abaa410c76675bcfb187ee5015.multimod,0.054964229464530945
569,eca435ef296ea96078f63d78c0147206cf6870dba98eaca11b81bed2eecb26b3.multimod,0.0008649060036987066
570,ef8146741124c40494b1f9796c17098a47ac71c738fa204eeeca6dbbf31044fa.multimod,0.005244827829301357
571,b05932c2af460c715e24725017095c2417a68aa39aac54c6c7c4ac6d9cb128e0.multimod,4.215672677501087e-22
572,fbec4021bbc78a92d11d64b4eca8e17ed87605e422ea0a4be1854c64d7e59f7f.multimod,1.1083388980898112e-12
573,70413374b17321498e74d9c8f52346592ffe204930d3e253d822efabc509424e.multimod,0.05148175731301308
574,a945198c086ad3fe0c5dbbce5ef410ea12986c9c160295d76be881c5f8ae0880.multimod,6.46025953328589e-25
575,64109c0cf11120d9959773d544ea47a387a025ddbde057670d9e861eb063f09f.multimod,1.9381731136712055e-16
576,590c959472a0d53a08be9b11dc8311038a44d41a53c3434b0f19b0ad0960fcf9.multimod,0.0
577,b52df75d6e18242ebde33337555499b0e3c88f471a0cae8aba7a8435db23505e.multimod,0.23208685219287872
578,298c90b074995d01efc294b7dc4c6155e7f0cb04c44b44e222f8e8cb2f510017.multimod,8.849862913351027e-15
579,edefda153cfea9b54dc1056747aabd5bc775c1e82c1cb59e3e4b9cb8fa547ce7.multimod,3.564169375895642e-15
580,657835c29efaa5a770c8abd869e35b80372ce005c6dd57fb8a1acd51abcdd8b2.multimod,8.322787437009538e-08
581,7ae81a35073e9ddb15c36826ec80e192f099c2e0201929ad87d11b2e4d6b07fb.multimod,1.4486972414554647e-18
582,0080470cca6e2459852d2e39a0d8943a9b03b3f31cebcc61e8a2c738ad09a53a.multimod,0.07817501574754715
583,8999fa6619b413128c7ffbdcde930360adb6508a59bf0db2d7fd574b057748c6.multimod,0.19638629257678986
584,016aec03709187081a8b65d324c905d640f086749b440d135c3f3f0ddb8a137d.multimod,0.02624838799238205
585,45d2031af6420768aef7c0d4a0b08063939abe88c27e0344cf9c787f73eb8f3e.multimod,1.5744103243342522e-10
586,6402af22bdbfbcfa190fc6141c09b77e0ee7e99360617959256b5da9cc54925c.multimod,2.6414882771302555e-23
587,dd615803d5239bec3d9f730137c51c5c13588e056fe97ff1ba34e24c0c8aad3b.multimod,4.206658024411393e-19
588,5e9c4f3ad38084197f83bfa640bd68a88edb7c0c06f1030dec6aeb0ea0d03dad.multimod,7.074583838672863e-14
589,73a8c9da199f7aa7fc8605032b69c848874c4783a4f03f5ba959e2807f8ab7cb.multimod,4.3435909092204625e-17
590,5544e58f5265ef7f85cde6977b64c2236e6a9905e9bc17f6290bb8d7d416ad47.multimod,2.1067911859518063e-07
591,e431c7583b5f243c12f388cfec6d9f8cb86d1d4fc9af6e13e2ea190436c392da.multimod,0.21925868093967438
592,2fc0a4a2883c88d638d23a778aaa03a8efbefb73788a95f0cddd77b75ea6f043.multimod,0.28699082136154175
593,4d2a992b83aa776548d42b4485ecbe9ebdd6a2c0e80743ba4397371db8735e34.multimod,3.2201940766696246e-12
594,cae040f8fdff9ea17ab5cfed63deb43d90a7d324d02feb5b6c0298e9f1ca5f1f.multimod,0.0
595,eef7e3c9cca3d4070fce2ca0e435183249c46989ed95b8f937b5ef7d10e11efb.multimod,5.968290224700468e-06
596,0a3be4156b705957d201a86250d0d7f4c5470f1737ed6d438a129a39b475397b.multimod,0.37059056758880615
597,d9773fd90ec2aa2daf9c196cd274c714d1b5ff20d36ddcdfe19be08db26197b6.multimod,3.61135087171164e-19
598,dd5447e700a53cacbed792c7f7b1c17cc9b671d5e65ed6fc61f13ba884337c77.multimod,1.2078883900035198e-12
599,c69fee08c71c706632c4cae449a656f0b7c68adae8a563c57cfa589ead882175.multimod,0.0038661544676870108
600,16bf3f249ad8b7512bc4967daf0beb822cba2f566374e7fa0cc6cee83a6a1985.multimod,0.0004824898496735841
601,8b044afbb5e3413cae15f7d4cbf693f4816d64b3c05d647c11ed14a92fda4c3b.multimod,0.43293309211730957
602,d98a9aac37efc24c8680c51ce925b4ef8472ddaf62e044dcf2cb7106e3e940b5.multimod,5.1146067562513053e-05
603,4f8dfdbc2e121f4fc62d01be8d668c79e60dfeac04f74cf940029b7804fc0f03.multimod,7.01354537157108e-24
604,0233609ed1eef056af2b3218d0fd914bdaab4dabf5694d4692e20f0d7f3dc19d.multimod,0.0016267952742055058
605,938e102f420feef5c08081da8b657d1f3bda5a63ee33d7d4544f5c822c0e7a26.multimod,1.7435882051654154e-17
606,c12754a1ab998c5d448b40a334edb575bba430c0bddb64540a54d8d82fccfeca.multimod,8.425491614616476e-06
607,e6fba8b1027ed7074419d5f324b04aa9a8af5526dc0a2ce410e96ca03f8c0c6e.multimod,5.607460199774459e-21
608,0cc4e0fb10ed92854d4a7075677613d33754ed4a4503e4a84cd38467b8e572a4.multimod,4.770276477210426e-17
609,002fb7803cd8c0549bc7eb023458618520a3f0939e6ece1235a296491a7a1383.multimod,3.250916506658541e-06
610,a086faecd844b8c62b1a4ebc7c82f8b7b42674b29ce982f5961362e11558b61b.multimod,5.0191860216652895e-12
611,ddc10ee44c7b3320e0cc2f951043bc3289de25e95bad25f315b709d14155963f.multimod,1.7742125468919216e-23
612,d1a3415dfdd3907de297dd7df2628923ca186a4523b2e6a9b3f660e70abafa8a.multimod,0.0
613,81df2b50a4a15d851ea4c6349035299800ca3815008ea1648db00832ade0e989.multimod,0.0018608042737469077
614,42000a15490344c571192a99455de6b493e9042320bbea3d906a6db2a53f7a31.multimod,9.203166284881426e-15
615,ec91a1e3500f4e3ade5fd283b57ff5d03054bf39607b6831283fb96d5bc9682e.multimod,0.024559415876865387
616,58f2e2b120699f2487ec7128059e1be5f5c144b299086a66016df4d96a237fb0.multimod,0.264483779668808
617,2c8650fd6122813e966ec88908dd80022047bd07d085b73bd28a452463dec0cd.multimod,0.2093135416507721
618,d8ab7e4d3bb6424f9a6f5fe03c88764c954773586c0bdec65a5f6d0db9ea037c.multimod,0.00010070707503473386
619,d907b445dfba6f10a80099823941ddb438646f419c53867c0cdb23653d5de3b3.multimod,1.3965318201097924e-22
620,94d1e0dc9f265946683c92bb7c96a1a56ee5dc06cec8fac87f855099e5488d4d.multimod,5.23340162317254e-08
621,8c508c8e583346d6b467d8dbd92e5cb362782f240d3765f9d380eedd54ce9725.multimod,0.012955235317349434
622,d05c44302355e6dd1a086047f13834bde62032606c96e4369f6de26218960e85.multimod,0.0
623,0ed3971b50fd5811c41d4b8e75d249bc0222adb2a76acad0bbf7b6221d90bc71.multimod,0.47168388962745667
624,be68ff7079c567a1955402a7ed5ee87d45c2482b3ac8bcd4f07dce5e640bcdb9.multimod,9.382581444649353e-24
625,69bc6bf958a0d14762e2b9d696538803bdb350de0fcc95dc2d3cd862ed983a4f.multimod,3.778364340151219e-13
626,3cd434d4d2349e98284789f790a8ca3683e09690bfc313c6f06bf3d941b671b9.multimod,5.564915936814515e-16
627,f22df783d74922045755f8b5abcdfadcc8c3f23589343b362e81d97fa62b54a4.multimod,1.811340487323232e-11
628,9cae6a254f20bc8b4394bcbf2d031f6770cb68d612b62530e7c0d5d76f3f73af.multimod,1.822300344451458e-19
629,ce5d6e52009ecf91f7a5c92daa32aeea84cb54059e94ac466a1b6b389ab3d704.multimod,9.994004235291953e-11
630,c4e1e9db34a6cc3a29dc040cd710cf24927ec4a0f6f63e5ce7b9b39f679f53b6.multimod,5.725862492478306e-12
631,501e59617ebc392f718611ae734b41de67c886d0666ae3d143c58255b207f4cb.multimod,2.1781093595407697e-10
632,b1e5b8bd534675ce536e8ae2957288f5fa7e1d78c92b2209cd2fa2740dbf7885.multimod,7.063492658997733e-37
633,8999ce9c46f1f042fbaf01bcfb1a08a5f2f03d672cde81005ff183b577c23658.multimod,9.529038070898522e-16
634,6f2e2f2bac1438cd088de25bb34c6dea20b41ac7756df397e661013664d56d95.multimod,1.934279144394e-16
635,379f0932084641fd8839b2101428a5c856f4d9c54dc9aff4a5d58a0de9a12595.multimod,4.015087240488254e-38
636,db0a82b5766764d4dc68f446ce3c546df50722f47f69f408f5bd956d9c7dad60.multimod,0.0027463138103485107
637,ade471a3ce1310f95a4a55e62f01d58096b4004ab21319b76004a92114ad5b66.multimod,6.142766505945474e-05
638,1239cff924f840aa64ec4e10da1e3e175fd919f5caa6784fd0944e4cac69d714.multimod,1.3148451850217352e-21
639,344ac6a54f971bb1871902b82727add350fcd906da8af9f6c725ba88d38b976d.multimod,3.936680514016189e-06
640,b737200849fec9229fdc6c551cef6114e1d8417163ccc18a7600c924930c36c2.multimod,0.21514075994491577
641,c8bb60d2a82e7f1991fb2ad3e5797cf53117e0d36f64e9ca49dd1682654ec735.multimod,7.805621704548571e-10
642,fe3ca0f803afaf7e22c368face0b6fac45ca47d07921e3725b524ac8bc0e2085.multimod,0.007917945273220539
643,7ce3dc9e9476185ca0760d2315a28a00b84c5cfcce7cfc4a5eafa8fb7dd67f0e.multimod,3.150920357963827e-10
644,98a44336882e45b892670f42132346860de1c7aa18a6208481d98c587a5f3024.multimod,4.3192731027374975e-06
645,fbeca75540ae997403a382596d966e3490c59a8186998712a337a45b92e97adb.multimod,0.02402896247804165
646,d42c05548a0c365e47cbbdd9dfd9de99fba71b7364467637b0f72c6e66ac319c.multimod,1.5641026251955736e-09
647,39de027ac0750136fe769fa8f7241c0cc48e094717abf97796e3bfd7c9e9cd57.multimod,1.221788226146714e-10
648,510f12d8ba331d47535c86f39bb217e806ea098127a82b61055aec831232324d.multimod,4.316051125613754e-22
649,950eae16721c4d218f20aaaf29319e06b93b5eeeb303347aceef0c33a4e5372a.multimod,2.1717116993613672e-10
650,9b6fdcc24af0ebe274508e392eb29c3fa6000e2f47586c357010a142a8df61ed.multimod,1.6144685922379012e-22
651,230eb9cbee47d3bc07e7ae26185c5f2abbe68fdbae9726bb3cb66d609e19b739.multimod,6.917837342464844e-14
652,04441b91f143b618f0e6488241284cddad72b0b2b131bb84eed406739b6701fa.multimod,0.02218242734670639
653,2db01aa53076e35f1bc856e61358b7f64ef62f96cc2a3c47f7bb8edc4d4467b9.multimod,1.5919385601415037e-11
654,ec407abcd670a41c206749b075e4c9c62d1c8830d9190c6acc3333fd8879feda.multimod,5.028795432574971e-16
655,e054f5081706ec4ade901aa416ed4e69144e4c1e04520c6de6d23a79674dd211.multimod,0.37660855054855347
656,cb1b3f9823464884a695d12b5831959dd4cd5b3a88c75df99b543b6c5df953db.multimod,0.0005580569850280881
657,0f5e2659806b169fd0232b37d5fbc1d713060cedbc1ba1ee26a1ba41afd1f306.multimod,3.3552364584465977e-06
658,729970ae0e6bbcae0509defb1600c1db3c64237b4878b472b78f943a3d2de28e.multimod,1.7424492165652076e-36
659,eaf118bbdf615a58e47addbf5820a52bb16967c6df5af2b42bddfe59d684e8c2.multimod,0.2917710840702057
660,1fc57fc187d63eb98df33755cb20ebb9da292c6f667ec265409940ddfc9dffab.multimod,4.501885086938273e-06
661,3ddcdc882166b87d3db9d5cc21ccd4c7009e1f134edeebf2846356fbeefd5b9c.multimod,1.5553386584955081e-19
662,d9123f28a9834dd045099f2dd984a9e0f9a6ddbfe30b19be39ef08d8fa9de3b2.multimod,0.2591778337955475
663,4f6e8c7b50971eab0276c4838afc1aab9c38d0a3e58651d06f5204ce5a2305b2.multimod,8.619395686082498e-08
664,3a9acf9661b5ebe236ee6b32e55d467071abee4b64c6e99d6d3239e0cd4a5602.multimod,1.0896117834057102e-25
665,4dbdcce9e5baf879efa89d0385bfe595d20f35378732e8ce7499004e9af5592c.multimod,3.154902325781914e-16
666,66927f8791401abf8bc51e5c0a972b37636da11788cd8e1702ed27c733520671.multimod,4.259999059286201e-06
667,6ba772433e60d6908c1208a0b6f7be4d26872ba66833706da77279ac68d907af.multimod,0.05179896578192711
668,59ba8e1306c80a1d7b4ba44346bf7cccd60fc3bc1defc08f88b0d94d4f237b4a.multimod,5.72099355724862e-29
669,8f81fd18a8fd47bca50d0ef4e9030225cfa5937d2d5f4cf9a491fcf1d1ddc2a8.multimod,4.343527273964476e-12
670,b2b97d55035cb67b2966f2a04d60cbc5850daeee03edec363775ddc10969ade5.multimod,1.392555450292765e-12
671,8484ce8b430e8609e43ba29de4cb781353f97f0ab899fb0630483acc06df0ab4.multimod,4.868776159128174e-06
672,2282430132dee29b894b95dea5f95d2fcca918836f197ebb6e57674096a63424.multimod,3.4628632420208305e-05
673,c1f956c2eef4c9cc7720d2eabcab0652ac3e87e8aa91c8cbaccf1863e086fc84.multimod,2.5050461379717837e-13
674,dcc0d408dfbde74c229187125a19e0fc40d21201cc3bbd6af862d5757664f3ab.multimod,0.0
675,14354ddd2a9d63b3b5c5db94fd717953572f1293f291e26bc7a4725be4b0b3b8.multimod,6.439420501941878e-34
676,edb3fa3fe5038f52556929041cbded47bb7a8925ab4486ba62d60842ffce0b93.multimod,9.911898775707972e-13
677,3629d46c8b026ea39c06845ee20902a848dd4cfa111befc26dec7be505d6105f.multimod,0.0
678,4e617458d3f2f7a0cfeb76c908e15f26db7d682ed3374c6f3adc0e0df925d737.multimod,0.17081034183502197
679,b0dfa4ffa8e183924dc288bc151c06f13845aa12ee9ae51c2aeeedbaa3daefef.multimod,1.2395817639809353e-16
680,76ffb00e98eddd9b110cff2f7ff9563d87351547fe6a7afedc64280080b97cf7.multimod,0.0
681,6184acfd613ded039a049e6a7685f798d38505ab0cc371b5f62262e5377a191b.multimod,1.0657445304714452e-16
682,7dbc7320e9c62552b5308b66f02cefa07bd8c7a06a14359090bd82bc504d5621.multimod,0.0
683,aa931d8bfd0c99975650e171ba844eb598004c6c9e5e0cddb3d5613cc6045460.multimod,1.6419928104291648e-32
684,820bb1f8bc48425ebf7c847224769c061cd69f0d0489f368e2a873c24237aa02.multimod,0.14490345120429993
685,398fbafddc0870d76a92293b4c67513c381ddcdd368812f280f07f4a7ca83cb8.multimod,6.756612384860036e-35
686,2cfba2ebe5c681f8f9b2379dd842ebc8ddec62a26c1c584702c06b7825758505.multimod,1.8108045196640887e-07
687,524d1895a24e5ade1d034d9d9f3513900ff61c365f3c41aecdf6eef87bfc9a1a.multimod,0.3431648015975952
688,d406875062926f8a66fec10b45ab924193faa7fd8a01667d4aacb41387c4185d.multimod,0.0
689,71a026edb4108a8e04f698513b70edd02220489708ee85dc0b483a187684a342.multimod,6.851390106499939e-16
690,3df7f7c69fa6b01d62796084a0e168982ba222400671e29b4f6d8d8f6f6b77e6.multimod,6.884426542112449e-18
691,4bcf74aa5b22aab6f760a7c0becaabbee22ab951b7d2989925aa98b00284f842.multimod,8.169123475454398e-07
692,dc11426e3b4f88aae873251c47b987eac5d9c2bfd0c9abb4f606489ff642f7bb.multimod,3.3912598951246764e-07
693,e65abc856458f0c8b34308b9358884512f28bea31fc6e326f6c1078058c05fb9.multimod,2.8091422521470122e-08
694,8042d96d20bf47703f1dff0d3520ff8377d79a05181c51e5ba3663c7e1853d64.multimod,9.247795418332316e-08
695,b5daccaf1200bb3077f87d3b835b41de869761f05b485ccce6fe0dc9ef40ebc8.multimod,4.774443732458167e-05
696,fdd9ad2030c1c20d99f9ad97d6f49ba10175ef5b6ef84143501b433554c56def.multimod,0.0004008904506918043
697,2df6c8bad7a7ff6e81b933e248b0062a7b9e761b14e6a636c0829757c81e1fdf.multimod,0.42606985569000244
698,167521042d86e3bdf2b1a08593c237165cfe8384eba018e3deec699e8154e16e.multimod,8.299303828295155e-37
699,dac5846fc382021090670f3910d446e8decd31274bc347fc34d4e2b97d395ad2.multimod,0.2531503736972809
700,2bdc0e959fd300abe76a974b01535d654b08573300c1b9e4863edd1b555d19dc.multimod,8.559807376795625e-12
701,0dc5cce4a5d41b8f36633f400c33dd3595edc394f76ed993f84f058a730cc1ee.multimod,2.515409920659454e-16
702,06cac1c9245c13e8b1b596c36e6a1aa613a340c330c8dcaf1f46e61425ba1c28.multimod,0.20663027465343475
703,948eb28b649271891c5bce7478994ac1bc193b0b47113640d7643a52b8d06f2d.multimod,0.02931550331413746
704,05b98b45185253095ce01de46cca6f77ef1e62626c7783963896daad8539a8a0.multimod,9.003660670714453e-05
705,3f9d5d8da5cb2f487fc9cea07bd7382ab219dcd6dbdc25edb977aeec48ca1911.multimod,0.4212299883365631
706,0b138524977884872094e5dc1d0a39bb5f3b1e1a05bd35b96e68940717b87414.multimod,0.028566230088472366
707,237f12554a4626a3b0e93f6aeb33091633fbc7652fc0159c24f0cb4007e71ae4.multimod,3.505402890700837e-13
708,cce9936923f8dc21bae959886c17f81efc3c665151f8dc1c371e4c8757f658c7.multimod,0.0
709,08a6387999c9a0b3b25a540cec16e41a46f19e4a3d4e6cb895f8c492086f267c.multimod,0.1736365407705307
710,ac6436321e5a187835623ce31f36d6b1afbf6fc8f8f507d3d65ae1797fd86f52.multimod,0.3421209156513214
711,cbc252683ed6bb1fddc002b0c59abbcf57658e3ced9d48f20472844ae931fc9b.multimod,2.1077239580336027e-05
712,aa3dc7b7b5f3facf6e36c01451b550291ad336c06ed613b8791cf8a797fe4186.multimod,4.5106425512015866e-14
713,f62bb6136376cc259fcb9286112c4fe5ccd9a3f6fd6330de33f0759c7dabafc1.multimod,4.749977078333245e-10
714,d3da329e6c2dff390e082457e10fb835eece422b9f9cba2bd44cf4033f993c19.multimod,1.77627971424954e-05
715,6a1f35b3390152fc57d81c32be3104fe91d718e3c6caafaf6cd345107d41048a.multimod,0.16546258330345154
716,68ec1ffbf4bc69ab50458593a673246152a5d8403c57513d0714b3abc8f89d80.multimod,3.0223888916234252e-15
717,d790d7e856eeb72606defed7b1184ed3edf273e75eab5b6be3abbe560d0b7d71.multimod,2.08137025765609e-05
718,d33f8c017a67623efd00dbe653efb48c313524daa33e15672452c42ef4f02272.multimod,0.1304178386926651
719,2946d33ff4b6b79b78087308f189949d02fc39b1fc8176a2d6aa53bb4d3a1399.multimod,5.95973460804089e-07
720,3cbfcd45749aef0ae2bd453317a20ef23c865183900dcd54f9839dd9f27b1cb6.multimod,5.780156243417878e-06
721,9631d73c6d30ac906849b2ed9c0e42e1526f6a502690fa7f93888a70320c307d.multimod,0.0965859442949295
722,17cff7fe94d49e3704af8aa6b674416307d3f68bee3098dac6421b7d0e7ddbc7.multimod,1.675108403793988e-17
723,d4604e8132a1ad18a3c3cb5c8482a6ffc8a927016dd95fc3f430d024d43f4126.multimod,0.0
724,72003b49965530f10330ff85257d795ba5e3cbf3661910fe5a21a656eb4e1d01.multimod,0.0011593045201152563
725,02af11a4fa606940de1d4ddec4a1d567090c0df413c2a28529a9bf0253026033.multimod,2.43903081783939e-35
726,f0b641990b114177902e37275f1a78e8d69f8c865f926b4b1961492f3ac8a44f.multimod,1.6939054903597834e-29
727,724ecf163665c1a002ea4ea1e8291e21d29f047a486953254ce1723d1e96996c.multimod,0.0
728,4368fe27c22a00bb22ea4c6d50b0345520dbe2f95ad25c534dda7b06b29a0ee5.multimod,5.016200788077185e-08
729,06e762208cb75824e9ee6c6cfe0e42f2a342ee32a49c80e26b6a5facb5ea98e6.multimod,0.20417024195194244
730,0db5abde4183931f2bc0d7ca6ca3e921cd8fdf0134ea7935b1c9878e57eb13d5.multimod,1.2669304139998693e-31
731,563e5a2db3a05703c9a1006d726fa8ed2ccabed66a431d180409fb8b5f19406d.multimod,1.149293893831782e-05
732,0281dcaf90acbb221383c2787ebf93d21cf12e6367a4313f8ddc482dd6b4683b.multimod,1.00234761896828e-13
733,ac014a41ffe8cec36381829a60d26b984cc8c76c659dd3593c70e81132e2b3d9.multimod,3.1800325339444663e-20
734,b7c9b79106c71e503ac9bcda5ba735a16ad3c43a290da033900907acdb00c32d.multimod,0.03533225879073143
735,2d7af597ff09580868c2d6be60afb930598eab5f4e18af24c72ea654e655f075.multimod,0.0839197039604187
736,564d484493e4418529e4b6e2979b7896cd228b836193d8f5fec37d455b856578.multimod,5.2089859796421514e-14
737,8603672f4d02f3aa733db34313b9d146758e8b28e133eb4edb31781ca5847610.multimod,2.142230393076261e-09
738,2ef98dbdd9ac7b92f7771a62e8e8505d9888901f3bdb02919f7837a929d9cff1.multimod,1.057016183367413e-33
739,f075e95d1361c41bda946393f4eaa4b796478e709b3aaa00009c08121c36c26c.multimod,1.22230336963014e-10
740,8bca427c766728c42dd0e74be9ee671ea3979be6f77222c4eb189420e7da14a5.multimod,0.38700708746910095
741,95e9c7c7ab5052256c9567a9350edc7d9e73c9ddd706772ef5c2065db44ada20.multimod,0.00011483375419629738
742,a9b5a2be7215bdf0f000469f44a0a6da1a2aa1d5a81bdfce9d5b2ad503084fcb.multimod,0.02398722805082798
743,c896f76099fcd3f0f7ce2a2c5460adef1baea82388aa7b5cafe50675799c70aa.multimod,3.2395837479270995e-07
744,7d053eba30d980910da3527107b6065ac08083f49100f7b4071480a12364f525.multimod,7.556613581982674e-06
745,20511781a71e78296f4329abe8a7900d607c1a06843577399421731848cb4c48.multimod,4.749159832756478e-12
746,f35698b637f00fe4c57677c21aa4015a747364263b7afc9b45073eb7ea9d76ce.multimod,8.494992265184464e-09
747,92705d27fbad9c146db4b8ebbf3ce44cac9cc95c8215483b1c161d719e92c37d.multimod,0.000334432115778327
748,87c7bd15f6d90b9ee5fc707ade138f2fc5fdab27f27be805833a55dc99e35788.multimod,0.010779579170048237
749,4adf504c4a02f6df6758913b7906606b42750858546652fd039ca8fc37fa59d3.multimod,0.05083358287811279
750,ca0cff799d6bbe0dc04ae802c03655f50f6ee6289063f06b96e70c10ff53ee14.multimod,6.655575816694181e-06
751,2cb1844b818b046d6ee2644cd88b173e28bb3153349a6d773b329c274a3f0c32.multimod,1.4363660483240892e-08
752,e1598d8e6acb5003509b9ef76753b99ca965847a1f25d60d3380f30072130811.multimod,0.0
753,fb9bb915790f10ad4c9e8c1b360fc8bfe1b721c3746e68b9bde390a3cec16842.multimod,1.1719907297267222e-21
754,0f44b37a162c45c70eca1f86fd72e9a3f59f55d4e639ae5220b33a9b238d4a05.multimod,0.0018827851163223386
755,e8aa27a7be397dfe86fe6188423afbae58481b064badb9ebe2c43b52886910c9.multimod,0.014705769717693329
756,0679be365f50687bb69cac97c9482fc0a3ba597f3e730cc5754d3d722df53546.multimod,5.013157597377749e-11
757,25c7a95e08e670c36f58d21f42dd6ad8fdfce8659f58a9cb8effd5c02847ed48.multimod,8.673087137367474e-09
758,cf9190896e901aa246f6171f548f33dc78d7754c7667210eee8add8f0434b0d7.multimod,2.7664313506647886e-07
759,820095505660ca0500e0b9aec678a9aee34c3215362e2e47e49d51333a543fb4.multimod,7.937627444221107e-09
760,9f8f32ef22c6101c87534b24d82358b9d5c4f665ab3a027ca544f0d24ef69407.multimod,2.649069158477957e-11
761,7f852c341c08c580bcef17b86594e279855cdb7289aacec6bc10f9f3a5a7a0cd.multimod,0.0025759926065802574
762,f669143bc4ade1c4ea09b7fbf54e2eec64c852ff1c0e6e408b32c028989c9d63.multimod,5.553059168050822e-07
763,74440d7a26f6ccbbefd50248d9faffc843c03d04cb687e055d1d9e7ca3ed944f.multimod,0.00010991234739776701
764,e4929dd3c089887f1456e82619a91510e3448f7879ce835f71ea1b5a9d659741.multimod,6.350221887433251e-16
765,9b0073077522cb1ff313d91c9c542fb68b16d0ba3fb231221c802c94eec8d4b2.multimod,3.536235168972371e-18
766,721680b50507a0617e6504ccbb7d1d31e045c7f1ef4a14e9900cc017c81682cb.multimod,3.13268544839902e-29
767,90ce357b80465ecd267f89c8bd99160738f74da691d75eb8e3d825e142c70ec8.multimod,3.6453751657027403e-16
768,90a28ae7294ede86978aa0597ec1dde5e5ca6b3017e0409f52b966541cdac704.multimod,5.615328409615723e-18
769,98c3f8ebb452561cb76a0fedbf798aaf2b8a7dbad5c7b6c41876e2783954ea61.multimod,6.2022953439822e-10
770,3616e27ffead4ca6205297b24f64ce69849efa91fec94c9d0bcc41aefbb70a85.multimod,3.220869447200122e-21
771,d588430752c82c89544a9d43eab5da46d0f937ad1bb27c4e5959fd49ac6c4ccc.multimod,0.0024871360510587692
772,b8cc23ec7d68f320558a9572f1c14935afc820a0a1c053eca94888f341d208df.multimod,8.44067484905963e-16
773,b3a5eeadbd6f27c6b97d515a7340a6229d1b8313c99915398be542f2dbc58120.multimod,7.883891456339498e-12
774,a1329b2a90a051193207ba8879b000bc443bf4fcd89a88ca06326ed734c0873c.multimod,0.015196245163679123
775,159b5adeb95ab7dbe9d948f6a673dfb91de07770d1f1814d6ca2f5f91a0c74c5.multimod,4.91386096257429e-08
776,819769710105d25a6ac7777c72a923df51c55a394139cce2edefea7985073843.multimod,1.5796176866533784e-11
777,2a2902b0014cb5ba3e0451aca4e89fe3c9f03e75a9115ff5cc4499678c23fcb0.multimod,7.870541421919335e-30
778,62dd746cabaa1ac6983554aabd9c4c87f0026d41cc5351480e16de9419eae93d.multimod,2.1657073161214312e-20
779,a5998728b6422ba10bc7b2c3e4b14550b841e76bffb9d3a6a6e3fd8c8678f4c9.multimod,0.037314850836992264
780,a5dffaf96ae5f9cfa72ae1cebd1f64a7002c140bb3f6c53baa98cc6294c6d493.multimod,1.4575758200408018e-07
781,016d7a6fd2562c8567cdf48cecb38b0d2d72d0ec75ef9053e85372e54b7d45d3.multimod,0.0
782,4bf0f0cb2b10c9bad568eec092e600f51bff60670103e91431e3bf6e92d4777b.multimod,0.29035502672195435
783,c858c0ebdd39905d700b6e78284c451345656aeff1f91d9ac8e5e136b6bd88ea.multimod,0.08901773393154144
784,e11b1bc19594c6b5171fd0eb4c9a427ead291f0c113d7f380b11402c6494cfb6.multimod,0.10066748410463333
785,2c078d034af87c670a12c31ac1f658af5db017083c138fe9caf8b31219f9b049.multimod,5.521360278439393e-18
786,15c9de3259f9decf5eab27fa7c6efd0912b67651e42b8d5d602c1589f90fbf50.multimod,2.6031511202260355e-14
787,80c09f75d3e1394f563cc65da968c262beb10a036ece006996818c9308896622.multimod,5.842493010277394e-06
788,e474ba18a72fb5b1878e8b0250a25854b45e13b0408305bf1d297dec3cb7a03b.multimod,3.0044320737943053e-06
789,c06fe97be1ba17fc73f8a2b133dd572e65b691a8b7bfccfb62b771e8b547fec3.multimod,9.306387073593214e-05
790,b0480641bc824a59bee1b964074d80689abf401e70ba97380d0abfbc97cd69a5.multimod,6.084711068332638e-10
791,85eb6c81ccc7fc19e20c55e0aea5a5afbe3d45d8ac502de1ea72376303965aea.multimod,1.641047510933012e-35
792,2fd5bf78ef3bc336ab74d3fdd97dd930ceaf32695c042e48be8b1f0149976e8e.multimod,3.3179906305108586e-12
793,b27bf32f8ef8b84b7ee7c45ac2190d27adde781988bad52ff1375dbb16b6c389.multimod,6.812529717187569e-15
794,20baea5b5cbcbaa66d95e17391c8e132ff2682ca0de71187c43a3635f026ab9b.multimod,2.2696051473758416e-06
795,9c6c6a40b7e5f69dd51657c6f0c330f77e967c64e1bbfee2e03034b52d3b4ed3.multimod,7.310079437698122e-28
796,8b8203261b8282e80b42a542a242388d2272e22d5d6ffc9468f13dde068465c8.multimod,2.5170272692776052e-06
797,e7ca45d94fb6333c818dfb2018306f31cf5763dfe0575487915ce6314c2df8b6.multimod,6.5647564861340574e-24
798,81ed55cef510435eb7f7d714dddc01328c33853089bcafa3422be616465fab6e.multimod,3.1919748403008664e-17
799,f648b515c559697e35883b9c7c7112f2a3d7fa93ba46e0d74f8a986fbc72f2db.multimod,2.476428839770506e-08
800,8634860fb2d0616d37df10b2f55f234fa8bfa6cdd0fdc02dc9938d5d2c6c23b1.multimod,1.5775209760704456e-07
801,9cfed865388cbe3d30fcfb6c8bfa6be50a6d4666f515f45dac1e598c14ce10b6.multimod,0.04326594993472099
802,2de1727082aa14da9d437e897bf16b5df43816045f6600c26d7cf4c50ae04dab.multimod,5.589258222915561e-11
803,530f7c0cf908497a7d6b9ff35159476f965df65e07a905af9912dc2458158481.multimod,1.203680658970344e-14
804,7a9bd47462cb148664a70e5d3fe200d21717ccd775b9a93f9ba18129efae9854.multimod,4.823724530922391e-09
805,862486ce1f2915e90ca63f5487fb192fa67e301d1e64d1d0a9ef9a767abe65b8.multimod,3.7119129097737146e-36
806,b02fc010b1bdfdbfe0b59d725acbd31b17eaab833e939e5430c1d0d2f0812569.multimod,1.3949921133602633e-14
807,7a940a762d6a4c9a7b935621d23d5b37e83d78a17aae5f096559ce46c758ad12.multimod,0.1453869789838791
808,42f0db7d66e33fd3329bb7a8e607809844c466458121ce5991cb8e2906406f81.multimod,1.4290502114988612e-08
809,9e99e17f7f0ee92d7c1797b70550decd13ca7263124cdb69b9b833b1d1f04f6f.multimod,1.0659859661643623e-09
810,a2438d9973db1eff97a5f4a3c72116a637180234a2c07e69a635bd2d8197b672.multimod,0.526099443435669
811,2a57fda3b2cab42711a8ffe57723a289d40985fade912852d49acb580e821834.multimod,1.325860532750428e-19
812,687fb0da7335d0049bb72d5efac143a2f6be5de03844db07a31a404697f11494.multimod,1.3749141203334148e-07
813,748cfa75ba9a7b9d8fd9673e425d504054d71fb9ce7d732656d1ce8dbe5d6a3b.multimod,3.8380290057205e-09
814,b0861e7d9dbcd63679ccef606b67ad0ef0283f4a7cb14efe14716fbad328cf5b.multimod,0.6181929111480713
815,5983abc8a6678035d6af4a6b962fe978cf4ab6f91fa67d7c3da5cf283490583e.multimod,0.0019447258673608303
816,b15225b44019e653cef8a7f49c06619567973c5e5232c43e831ad7e8f923a14a.multimod,4.487365458771819e-06
817,3e7dcc607022943a7e501e855c6e53c36229680e16a95948843cfa9ef4b3d9d7.multimod,3.1169744519818354e-13
818,77a02d379d00ebd688b269849a1d6bc012b5ad5334f9f9af81cbec36f06b5880.multimod,4.835032427763508e-07
819,36863bbc06caf5639ca8f24f45a211749f612dda2dcdddcdb461cf0dd3071421.multimod,9.078913158376209e-14
820,091ab5d8a9a81911aa2eae983ca16d61f243cd99e8fd5ba4957b703d0ce79a1a.multimod,1.0514269455086378e-09
821,7c68e7674d91f5f707deafda61207983843c26b4b0199e88cd9723f61243278d.multimod,0.00011300292680971324
822,7ceb333813b35de614254c88f6cb42f7b035f5482a1ca562b2fc09e1ce111b26.multimod,4.233944776617656e-33
823,e9cee469d3610df81d3c1890691c67027dd179337fb93a87164f95469006440a.multimod,2.269849455963091e-12
824,62d1f477a6c1be45a87ae6ef19a4b79e98a162aea8dd48cd3bce350ce6a20b5c.multimod,5.337825444126127e-18
825,670b858ff3adf74c8e1492977bf21824ed9b194c0fc2485943c5d0f65e7bb810.multimod,0.0013953681336715817
826,aaa2fd1edd5deb06a2c79eb1c920d2f0ceb1435131089841ae3bdb0aecf415b4.multimod,9.802135237383522e-27
827,b0d90c2d4581aa100bc7ed1dae661711d95af1afa6f76e52bba6a5606f2041d1.multimod,1.51109702528629e-08
828,e79d743f133d34f4dda00db503876adda168f4a43b4567543c4689372094f628.multimod,2.4448849863363516e-33
829,03004f75b75ecd89cab16fc23dcef1eb6a4b283a7a692ddb41cd39173a796ddd.multimod,0.02337256819009781
830,ee5adf5f1a53d18efd0393a82440e6ea93b7b0c013d7adaa173e9b4dd1c3a7d4.multimod,9.993009499831027e-17
831,691669df30ee9eff77186251b317b1f25da845d57375045f992073dd19e4714a.multimod,1.070275512660146e-08
832,5c92eba748aa0af249d41b7872f9a3155faa2dbad4ee4b174b5fde60b9a17b16.multimod,2.4499922801624052e-05
833,269eaa7ba52678f0d0e04ce10dc6f48d31ddd4fa0e1c1adece7f42311d840f5d.multimod,8.731816127572647e-20
834,42d5ac5901bef38d7a575d125141cfa0f9007dcf402faedc984b6709dca3cf76.multimod,0.05426594614982605
835,fc1fd7dfda40028df8fa8934ded071788bc7ad4c531ea018588ff12e8d6df556.multimod,0.11895403265953064
836,94cabd16fb280af1c0112628e266e0f3e291092104f7f1b5f1bf5618aab9b6c5.multimod,1.59461657948933e-29
837,388d67fda36ebf895b99206455cc6964afee7df7c73ae91348cd2f8c2c78be7a.multimod,1.6432122539325668e-23
838,f382dea734524116dc4f0302775d9fa1fda87352dee413d25d4baea915b7b847.multimod,8.805012829959935e-10
839,46a369b368732f5671afbff14cc852b521ab20577afbdc4c574ff1971e35079e.multimod,0.0
840,cfa3891019247ac2ec303cd1223eb95114cc27d38841bfaeea8cbbfd503778a2.multimod,3.769647133066206e-19
841,ee0def661a1b9f48b80a334ffe724a22359963ed4ff91bed5e71aa8a43530fea.multimod,4.267310487193754e-06
842,ab5634b25eb24abfae5a0596894a890bc0d32848bcb635d1649da7fe9aa8a347.multimod,2.1777924313331795e-18
843,5e6f8924ff7f75a2c9aafd6d4e77962560cdd9d0cd0f77918736cbdae166be94.multimod,0.011299284175038338
844,aaaa56164e60a7f41eb80c801d11ec4224e34afb38f28d388af6d6586bf853f8.multimod,0.01577020436525345
845,51ab23912946b1edf4a37ad78a145f7863a7518d56c13b309f2af00d10827a49.multimod,0.14652377367019653
846,8b1f7ead5f3c8ddf9b11f9c4328a64f54ba9968ec8a04148c3adf93cb1f626db.multimod,1.1296274097469648e-21
847,4c97f0f0679e3feda12ac8c0a6f6ad7fb0c72c1682d31e577fd336547fe99460.multimod,8.557156979804859e-05
848,83ea3088f8c000dbd7fe866027cde1aa0317cf48fcf3712dd4fd9c86b4fceada.multimod,2.484370131491942e-12
849,c2397f9ac70bb10f69ed58de838e01c3b958ae5288918fa2bc40c62f922fe79c.multimod,0.038309067487716675
850,20a0d075a8406a3b5275828348386179afa6f420b36f0098e8dbd4cee22eb8be.multimod,9.265114009338049e-09
851,4fb0b266aeb1f7c45ce2b7e02df39d40e1a51133e4ff8267cde1b1674d00d6cf.multimod,1.3464742778997738e-16
852,c5798860ae9ae80c3cc5c68657e32ed208d8e956e26d7dd8f9d0c84f49bf9d34.multimod,7.963749570651197e-38
853,b03a8fc6d508e16652b07fb0c3418ce04bd9a3c8e47a3b134615c339e6e66bf7.multimod,0.0
854,de2b1757f1d73958fe639b6301870ab4e1704b3bc81927d5fad9f087c54958d2.multimod,0.0003479418228380382
855,e256866e86ea9d66d0e8860fda4e4959c3a66491876c63335a4bab5a75f9280e.multimod,7.373295030088656e-11
856,ef89022c90002cebf8611f889619e10eebdd13e5753a197d721c57e01b621e69.multimod,3.418504586428577e-29
857,5023ef25aefddeefd294a0fb6692d4e6c5091294ac3b4d30aa4dca6f5b7b23a4.multimod,0.0007162397378124297
858,a66ccb58364b3410065f1aa5ea24f43b45b161e648c428b018380850bf4cfeff.multimod,4.978129908295159e-08
859,8060eb1c76453107f6c0b95b81cc2086f1a1f8b5327ead874f28f80f4c352213.multimod,1.6884586687466752e-16
860,7927aa286f5b346c85d9528307356230f3d2b2dc4011ba7bcdd9995223e7940c.multimod,2.817056952153507e-07
861,35fcde5ce165e2442805f3bbd9fa0763d4f949fc939df8a38e8eab0162b52335.multimod,3.506707813016874e-08
862,9c2d32d8d10e7df1ed9c9bab06a1b7c704d55d4d996f87286f7f8f8da2bd44be.multimod,6.469642044315549e-10
863,e209da77180c1d4a67bec5f3736a2720b53262a9f75d6c9dd6396b4e5bca476b.multimod,1.733088532982017e-14
864,afe86b7a1ba03e853529033ba6ca21ff2d4e0bcdfc31da6239ba7edfff60df21.multimod,3.3873902116718802e-15
865,6c26f33be80336dd713e63ffd060e5d1d86f25286763fe1a55f11e065057e901.multimod,5.646024928604024e-28
866,76fa31d64158978b57b0df364977a4573429499ad3f765fc189bb8382bbeaef4.multimod,4.364834603620693e-05
867,e957ce5882c17fbf92666340f7e81918a70a8cd31c3f5efcb403fdb3d77afe97.multimod,0.4126851260662079
868,2038e2bdee84196081f803bc692224aaff2a37e53a5d0e1f72134a666806bbcb.multimod,0.04008936509490013
869,3809bec6e3a94f42c9c8776801b14b7004064ad83be835ff0fe925a83cb52cb5.multimod,8.062365219885237e-10
870,d6bbb76f994ac1dbe5e83fba79e6091e6801d803b426a61b95aba1dcb9be246f.multimod,0.24659240245819092
871,cf0d35df084619369b4e64b22c26fe95035d8b7c5389f93908ef4f9f354c525a.multimod,8.178652755042037e-10
872,7d45a220ad9e3bc61b12c6e059ea02d7fe7438dc0935f3b75c33e06ef90f379c.multimod,3.6402170167093573e-09
873,0d5a8ac291f6180102570fccab96fe6ca675ad9466f26d3b3e8bbb619c205c77.multimod,0.14941580593585968
874,83c18dd551c61a27c35c5646aa14e9155711f07e59c2ba88b66d6a59aad0d297.multimod,0.0
875,1d6b6dec0c25317c11b59bfc4009fa09d444a8d66b90f27d76eba0167aef9a4f.multimod,8.989214372867593e-10
876,5b1b0046e86c5ec6403962ad5bce228caa9b2800057e85ec3a1943516748887e.multimod,3.7267673064430163e-31
877,6e9848008c42128623d1077f0cc75c0861e2b3d0fb76e68c5fc9ec8f69361572.multimod,9.328879288469142e-37
878,ffd5efd46b2b861b8b11e71c6ba00ea891c854029ebb407500c38aed86e9e880.multimod,2.4683291338312276e-31
879,5999af9eab343b97baf2fe6683666601bfc46b6c36bc55de6b49869e87140375.multimod,0.10957809537649155
880,e9e46796d65fb0aa189e0f97779a7cbc2a006fef31aa642468bcabdf40e31fe1.multimod,3.1073686979383807e-18
881,91ff1dd717cfdd42e71f045d3614d15f9a396b0d4dc4d9af893fa4526db28279.multimod,3.170255904329201e-23
882,d45285bda92b45ea012b3fe820631e05e9867ce6b3166012dfcbe2efa4940624.multimod,0.031897805631160736
883,3fe2375b33915e00b92c60a30c730af8f6bdf9277425290a0be0cbda62b82f7e.multimod,1.8638553693213993e-16
884,2aebd2a3730cb562a316fbb8c31d22b47ea5e993a6b3d8d5bea77bb3859c3327.multimod,0.0
885,4063a995812cbced8f05e35b2edf23d0aa78dde66ef0b6271aae691e4b49ff10.multimod,2.1869793031658452e-13
886,9c004af0541557eac3eb67f8bae5f3fcc92b2cdb1c298d3e121f8554ccaedcc3.multimod,0.00787708442658186
887,e53863fd44add6c5c724de376568f025571f949ad5ba7d90a080bcfc13528752.multimod,1.2846160957181836e-20
888,f6f9cae987d50d6cf3af47f52e7b1d4b1707d3bbebf56e41e09894821ded8408.multimod,7.993966733010893e-07
889,b5ec8bf1ef68261415f95f92bff2722d3bd1ae9f2511287435969f799086545a.multimod,4.275109118415038e-22
890,7ef54596fd2e2d5598218e3807646da6f804a86e0ba66519179c70b50364574d.multimod,1.1082218520641618e-07
891,5526f6599456d067ef98b05997daf9e563ab848d4317a4f56ad59ee71a1aea4e.multimod,0.25220033526420593
892,27d8d92692a31a90dd2186c410a2ecdfeac90b9401b1c493d05b55c796bac782.multimod,3.621054414567346e-15
893,9b39410ed93fbc99782161027d3b9c99dbfab8d92631e2b275164dc8374f6111.multimod,3.91388761677991e-11
894,bcc41f6b7236c8871f441c7988cba76d655428f63070b553382e71f2d04e6466.multimod,0.002116429852321744
895,450a3c4f9f17f15ea0acaaeb20935ec71bc9d8413514a65c2ce7385a58b2c853.multimod,0.0
896,ccb7b86f0563408816e3ceaedc0b79cf8d48977fcf77c389e4d0db9be8cd28f1.multimod,2.848108982813832e-14
897,fd1e80e7e7ce9e684ad91497fb69db86e8c278fce4c693f356b02d312ecf8214.multimod,1.2803349526413488e-11
898,631c4eac056985163e79caf5838079b83b93afa6bd343b146a46f0eba4715255.multimod,1.8360427844754668e-08
899,0439192ae5104bc28af4526139408dcc349adfa3066dc615397b3447f5b1e517.multimod,0.0
900,4a0ff540fd11b7dba7efa0905a69bdedf69a779a44d89ec5e7c0dc69f33c538a.multimod,3.3607550885919013e-17
901,b4b4033094602686f1077e5742bd2513488b029fcd282b2e88a29ff087053c08.multimod,1.1749030025785812e-13
902,9cf8f6494ea69359cb24950b9d42b57321618902dcdb28822f3aead21ba87aed.multimod,0.00011473211634438485
903,79bb1a7087fd5d7deb543998c7a9322705d117081afedda2f32156bf0784777a.multimod,2.9052498254356074e-14
904,d82d2a8e0c345693f5b53348b50c9151647a0a3dcbf96cf81adc8e4d250fc04e.multimod,0.002712415996938944
905,8c50ea21e6488ec6bbe131bb2a5de2b6c97ecac8bbcbcb76051af35805f8297d.multimod,1.0143480343199679e-33
906,3f5857c66622012e614d0ae952d008ea9fa04c2b2ff7b95fcd01f5339bb1ecdd.multimod,8.534836032358939e-12
907,35f7c44591672804c7e186f3b9d73f70a3ec53adaf0c8f0dfc9466a1e99d017e.multimod,3.5553449073688626e-10
908,cb498f02584df19105f0719b90b8093b917e77a763576f98e652c16692f77992.multimod,1.358688595659574e-11
909,39bcc2325c3304b04fee7a82b263dcab978f0053acef8da98f485d35406a93f8.multimod,2.452575017741765e-06
910,75adac5e79e36c394b260c7c18ac05a36270a4dc3927a1e5456ff7f233ada711.multimod,4.530264859824987e-27
911,fdcbff70e0c65ccdd16b396b4276a343ac4f66842e3f87614e42785e4ef14cf8.multimod,0.6056798696517944
912,0ca64e19e09d8af20a7a9269aca259da3406c5fd1c3627f92fb601af2c2d7d9a.multimod,0.0001833721762523055
913,b082bddaa39c7e46b1952109ae13ce0e3cdacce046625a2596c5eb1eb9146d3b.multimod,0.0018955831183120608
914,9515228ed1acbda93017ca3221b23118363fab6061876723497a277c70dad43a.multimod,1.0663819251587309e-25
915,2ee557b9268e010b11f51a38ccfa28e3b1616df3d5566a078216358e8f804a3a.multimod,3.0076889872600202e-24
916,32314ca028b3d8b50dbf02de3fb9bdad6a36f832bf63881287be5bf040e0bf17.multimod,3.625810068852431e-11
917,b1d9cb991f2f3860256d1607d20ab24bbb3ec73d1126e7cbc12bfe44ed6f0ab1.multimod,0.0003132640558760613
918,7dc4d9138398ffa021e08daa84dd4e2c7c33aabc521cdd4ca44ec5835f611be0.multimod,0.010750948451459408
919,b4ec465fa81ba6d1e3a119e1babce2073643da31c00f29c1d4779034f6bb8bc9.multimod,4.012800224577191e-28
920,b9c2a70661f875388dff672362e811ee9fdf4374c1b6edb8a1c46b5690d89189.multimod,1.1838796862294104e-16
921,9429dc87a92b0b5ada5f3b8c7b70d42bd8a863baf96d2ebd3518b2df97713eb6.multimod,0.0
922,3e51fb6ea9b5ff205b0a7af5121d3ef87af2cdaa66202aa217fd14fec647a51e.multimod,0.05696093663573265
923,21292900a3fe6bdd88e608b4a62fbea89f78bffbdf981720c63b746cd4804ab7.multimod,7.332943205585519e-20
924,2fbc32387f9b5c5a8678af3a76c0630ba4d04fd520b21782642a517794063f05.multimod,6.515023631692429e-09
925,3c88dc0ac4f2e68090009d663202e48222f28c3e7edc26d92981f4b81a1a88ff.multimod,0.09090206027030945
926,bf2dd45014029a5bfece2e0f74d1f23675747662347046e968c97e1defcc9fbc.multimod,1.8824391645466676e-07
927,72d9d7414cb200e3ca9f4a2b0d6c8b47141406db3c41014f709fbe9138a58e35.multimod,1.3050392128302165e-17
928,4eaa3a6ceb9bdb5d2fef915cd692b1fe8947dbe4599e91f57db783efcddeec76.multimod,2.679849784193323e-14
929,612aa197794bc4c88bd7dbed41a9b13b9969befb645761fa384b1a567a50ceee.multimod,0.0012141379993408918
930,5e06a4a78a06b9eca80d3657d803480f3df898adce72667f6ab1651de188409e.multimod,0.0001233123621204868
931,45302b2f07e938518325a3258f2b600a756b17d32a1ea660fd57ad2991fb4d2f.multimod,2.378173796042246e-22
932,78650507c1c21e0de041409280ef2ab348fc0e19d2f24fca493631a090c82f8f.multimod,4.037309115495491e-12
933,ad2d1366ce17d00889f98a2e258e448df1c3bd20bdf7cd24667cc70f4eddf68b.multimod,4.204708109467603e-11
934,3614a90280ccf9ba6035d39931b2379730ca78de95460577dfb326505457e59b.multimod,3.733517943589615e-15
935,283a2de1a3d6dd52fe8f2437b3e49d1e2a22d9e2f8baf06cb08875a7f96e3c26.multimod,1.4632136895758807e-29
936,6c4aebf5043ea6129122ebf482366c9f7cb5fbe02e2bb776345d32d89b77a2e0.multimod,2.700643931201751e-28
937,2d345b149e4569c625fd5df272976580ae6c03f61111c2d6ef88e3e9d3552dfc.multimod,3.1976349373795947e-19
938,807a51c6bc10f6e32f615a23d8009ba1b46373c217e2bb0712ce576203d83e6b.multimod,5.310627493315678e-10
939,61389fa7d8c34f77e545a45b3b1ce59475e48cf587d91042008f033d74e6a1f2.multimod,5.7400828211525276e-27
940,57e51ff2e98e1acc1bf042c1966b0d59f23a140a0f5719f20aa1a266207e3cf6.multimod,0.00037239701487123966
941,70b475736ddbe13f9ac01dae744a90bfccde41da3442e4f59a5182a6a22ffedd.multimod,0.13821816444396973
942,2968b811d97b27cf64fb151c8327247e8b087d52a65df52fa0ebc3494117d422.multimod,1.154387864596082e-13
943,c25b7e80890dd9c1e4184eb49aac88a55bef9225565b72cc5cbca9f96c261fbe.multimod,4.5408738347154504e-14
944,aa021de2ce1c85994c1c003dbf27af5e48881b81424d41c156b26c7e9aefc9a3.multimod,1.3414154315249404e-18
945,1304b97edfab0bfe653cad11b41e97af6d6851e9e4e0c054da6f81792336787a.multimod,1.0327198991301727e-23
946,0b91bd055d6324b66605d922d3638adfb1ea6d033939b9cb923f3cd2dff50997.multimod,2.9235879866532824e-31
947,8c678a38a572909dbee2e512709cd1baddb6791412fe2ef284d63acc17b61b94.multimod,1.8521857858900948e-29
948,31fd01ca898f5009a20bd706e59bfcb0e24defa472e41ea3a7205592ceca2fbb.multimod,0.4625135064125061
949,84126e37e133e110901d1e46897180cffd59215bb4ff035cc5ac805aa4148710.multimod,0.026906751096248627
950,8d6fe744e70a50572ef7ceceeb61aac23f245608b04f6567a089410eff7b45df.multimod,1.5088727195688989e-05
951,dbc4b0358bd31aa59a2be2584e1c8558c82505ae3fe1cf1ac05ea7f2f5dc4e8e.multimod,4.10106651670359e-17
952,1eeb97dd6c57f45f54d5318e62dc63963a062f5c9d78279e353c33bf6748412e.multimod,1.511552520519835e-13
953,a7561191ce90e51553df50909b7bcd22a13667323b1cb2b478893b65248f807d.multimod,2.0071165663195813e-14
954,edf568790907e970da583855e9b923b2f897fbeb4faf41b87436b23e262b821a.multimod,1.4809155062617503e-20
955,90e0253334786c6a99be569a7e62ca82fc50fce56045320e2473dd840d67096a.multimod,2.3232050725627995e-26
956,7a050d59c1044a4873763e7371160a16ec5904dc3be4392aa65f6291a6d1e95f.multimod,1.1726479509643895e-10
957,b7fafe06a94583df592af1cf2265a1dd01831fe4e29d1c532bb506f5859a70f9.multimod,1.2138938942571342e-13
958,90fbb6655ce064d1d7f0e3537e266109021ea41ef1423ef285d18783e1ff09b5.multimod,0.052201516926288605
959,860baa5ea337d0a8a0ee351dc7f3b5927eca8af3044803cbf65138d45baedcb9.multimod,9.060244700118618e-19
960,a2db950f64d6a3611c5643e92f3346a7ada25e581c27da05060739e2ef08e93a.multimod,3.2193191814206034e-15
961,f06e98cc30317cd751ccda3dac4b71841c7a92e6be3c659c903fd20f68f7f0da.multimod,3.172157033534434e-27
962,ec0e4ecaab7bb147a9617dacb5e2680c1669710525ae103edb44eb5dedded234.multimod,5.636384692309093e-09
963,2f1c93669ab2e717f3182c3f7f451f9957e3dcdb3d740ae433ef934cd475e36a.multimod,4.6771478082519025e-05
964,16ebdff04040ba210a4cae8d9ea92d9b8970b40baec26a23dec340678742f655.multimod,0.04819020628929138
965,326962edeb5efe3f1e8024823da507007130962caa4414419a1948d8e50d79d1.multimod,0.03971696272492409
966,0429fd16534af847e75541d96295916b6be120fcf64b2ff9b55cfcb4962d9887.multimod,0.0
967,ddbf97fe708d59fcbf1a4f27c94b6d5debc09d09327782b7613d298c871610c4.multimod,4.464043626531454e-16
968,6310a267e4827eb212670c0807c7558fccaaf6b4a4ea419d7546d8a96723f28f.multimod,0.0
969,9984a7a071ca0775407935f00f049cb76a94c76c229e9f5d8fb45f9a2f048cd5.multimod,1.309614643627832e-26
970,10c902a0bb9645ee71ae95528fe90580120e628db17dcdefe8bf7ad4b4bbfc01.multimod,1.1057176260470756e-34
971,d33c36e9b28cda0c83324a7ed49237960d6c2f0865cce9cfcda691f0a05169d7.multimod,0.0003730040625669062
972,4f42545cf050611355a4a1f487fa89f544b392e1fe963ae99e581f4a9cffc430.multimod,9.822278546067764e-10
973,50f6966e28d6e39201e472e35bf60a3e262228be18ecc08d24793e3237e1d987.multimod,2.004923922997723e-20
974,3be43964a33ef6f5ad1f3d16dc1269c0ad6fd7b385ce5d0788d8e3afc04dc361.multimod,1.478851211555491e-27
975,e318a124df8c78ef51809e8a8dcda11e846a3fd06c59ac0587f5851b6958a67c.multimod,4.361034103284034e-11
976,f9f69e7ffb8f2ff1c43d8281fa1127991296df7705e44f09b98ba562310b83da.multimod,8.769190706914287e-09
977,504ab9beb5c26322c9b294ff78ddfac85434eb3a73bd0abd14eb35264434fdf8.multimod,0.0005568609340116382
978,ecee8ed57a96f8bdcdbf6078f520e74b5c538387ca15108054a9ea724047f406.multimod,2.708396095840726e-05
979,b2adf45bd24c098d41182fee8e810545ad380c01d24f7ea71b09b4c410807b12.multimod,1.0834131985645867e-12
980,7b3724d208ab80499f24096c6ce5c8030a97e9e3b3841c80567a65a69d134753.multimod,0.034142397344112396
981,05e0282e0ec7ab28e58f2b2d99cefe0b52ef21900f2ab3d0c0f17c47770ef2da.multimod,0.00013157662760931998
982,c6c642e27ca9ded7c41f22384efb180775af6ec86414e9d6e437f23bdec9730c.multimod,4.717251393186249e-22
983,c00c21554a65b3761bdc007e91fce26a8ecd0e99a97f0ee9d401f2a540f89e11.multimod,0.002491716295480728
984,5ea92d08c0578dc5257d7fc2fc38200e3c57db215723040b00a6f8b562a7a36c.multimod,5.461935259274114e-15
985,71a5dd20b83d411409dc66037870bb172eba73f6521049a85070d678555ab13c.multimod,4.0578393964096904e-05
986,0e5c06f8f18ead880d28c6b663109ed91469596f1beab347bc870fd639696261.multimod,0.17642144858837128
987,99ed37ce7bb02d9b924e9cc27c65e93525c8c963ca4f4f5a2dbdfd4b1f33b59f.multimod,8.992424318197967e-14
988,9064fe963d0093b8fbecba87079a90b0907e4aab7b8f9d4bc3519800f00f28cc.multimod,0.3023361563682556
989,7d5c5b9d152ddf20c3bb1eaca549597414a1b22c5ee6a5d98e6dd7f65f417d20.multimod,6.176908984301122e-11
990,f0ec9cab835b9549e4f6e15005e2b7df96ff9fd90c3db731c2a293beb3cdef53.multimod,0.00014442880637943745
991,f09d3c855964685ea959b881382728f733e8021675f8bbc2c93c3f0057f3a9b4.multimod,0.362936407327652
992,18e66eaf9ad778ef4a1ac0ac2e2e1db1fbb109df10cda54f06699f8bf7f4e9a1.multimod,0.497638463973999
993,e4b074fe31881e0af48d2f660b52c174f4580d2bb56700db6575d1a9dc6c6d3a.multimod,6.841258787769477e-14
994,32f4bbbf87b39241e52ffe14246464c2d0d5044c876529c02dd291dece202ac0.multimod,0.19557642936706543
995,06009adb711c58a40f76a47e1fe45915ba806e62fba2246596276ac158704473.multimod,3.2441502826122126e-13
996,d12c0f1208570f665b68935085722b63efac594894568f4eb12306a3b414299d.multimod,3.42466527358809e-10
997,3357ca7ad09eee8391d7392e1ac73ec6ed173d092d34c061eb240bb9eb12d837.multimod,0.000656360003631562
998,4b5dc8e4a8ca9e9bb513aea538618285d0b256a33971b56377435187728ec229.multimod,1.2936174484043383e-13
999,a00f2b489dac150e513526ab285141d41a127133cd3be2115046e22e189ff2a3.multimod,9.379628096439774e-08
1000,2f08c7a2fe09c3eb4f565da24cd0ba2c209ecc4baac42132275846c7d90eb557.multimod,2.4822628082809842e-17
1001,30f3d33f9891656912178b6ce4cdeca36f873b11026c1a99ac03acc90ae330d3.multimod,0.09247490763664246
1002,a85653e6facbae38340336cf91fdd1666e66919644a75c66092dc2ea898b24c9.multimod,5.506988194058821e-28
1003,381865ab9e12ec2e2a9a3e45f3419c7707a19dfaa0a0644631c8f384ab851bd4.multimod,0.005750866141170263
1004,0fc7460bc2434f8e1333fa56751eae73f71ac0e1a25a80f5a7b9c9d05cb7655d.multimod,3.442965680733323e-05
1005,5627de463766e678abef8f285fcc67742b35c895b72f8415cf003d0fcd2fb020.multimod,0.00225630309432745
1006,d5624c7f869504a65986278f6b7921726aa08355d1f203beaee6e6a8869505f4.multimod,3.3169071660937046e-22
1007,d3144519c498198daf7c86d2fbff1c8faa89b1db918e65eeebd54c2b9e592b07.multimod,0.0
1008,5448a893d673393a78323fd4acb1d001c93809e14fb6e6123b1da610831a06e8.multimod,0.011732877232134342
1009,8728a1a0b31748f97695c26dc94a4124cf84001444980df01fcc2b731beb30bc.multimod,0.21172252297401428
1010,0e3ac31b8049d46d50f8a3d4a247c347fe169b556a612fa058f923e7d30a3a0f.multimod,3.2210635936280596e-07
1011,6d65afbdfaabd34a571ea16f2ee59df24fc8b37fa9d26b20130f6c99f5c7cd61.multimod,1.3892145863303364e-14
1012,4c03f8a1549d567096703b4e7be6d04d8f27730b8a1b4e1bbac92b728a4515ba.multimod,9.402780203754402e-13
1013,032522688366cd5d30d91f383f4b12e1531f147f475d14a937ccbffa11efa2ec.multimod,1.3954859241493978e-05
1014,a92816a348e0538409652bea3c55cfce2b87931bcaf6e3876d54b35810bdc715.multimod,0.029876183718442917
1015,1a6eab7810fa72bda79f5fb38c83874ce38df7e0e7b0d19824f191f3260cd21a.multimod,2.331516270704151e-23
1016,06d512e0fa708b3f087e60f34aa5eb6d5bd935451c78a5cfb576a0d72fd2e557.multimod,2.0922381882559904e-11
1017,be0c378afca0ac08e644ee8a1457a33bbfe20d27b408e94b78af5aa8aa82a057.multimod,1.0217703078173134e-21
1018,f42460c75ed45308897da99a1c387cffbfc761ad970270c109690f0e5fa23e64.multimod,2.8458275484983784e-25
1019,fa11dc4a39f494d06d0561c88de034385c71c3e15146d47271957d43cc23a108.multimod,1.0020282381617562e-09
1020,72de3ce85c37a064a58722aa98d59386b2e47c6ce472af31146aaef2e2ca6247.multimod,2.274746368976464e-23
1021,a315b61322ca5518d565331d5ceeda9c367869fc3593ea852517726881ecb6b5.multimod,0.13444803655147552
1022,36748c5a1b67e48c256a40786836b128967572bd3e495b1d254961ac5e597b4d.multimod,0.02542007341980934
1023,998b1d07d2e42add3e30b7a7f7e838d83e9740bcf4c0a9b9d059adcb7e2e4ea8.multimod,2.9475499731951293e-14
1024,5fd8715d8155b1d33276ae2ceb1e47dff4f75b6033581be855a9f8c8484856b1.multimod,0.13018038868904114
1025,afc460d9d889935946c4a70be3130cbe0f5b4eafc248e3c69811e292ecc5e4f5.multimod,2.1399489469331456e-06
1026,97d9acf46ba6e3bd759f74d0f2f312165f143a815ff41d26a212f3f99b20b8c6.multimod,1.1876049989210692e-31
1027,543fa68b241b0b98f112441289744dd736ba270785ed0358b36d3c15cdd91936.multimod,5.821502947669227e-14
1028,3cdea850cc78b21a20983be0e2e973939e2a8e33bfde9d1d4839f314efc5ad0f.multimod,2.3185359881994216e-11
1029,9e9fef1079a8d20a3074a1be16be029333d863add15dd0a44d67ab685bee7ea4.multimod,6.918090725091826e-18
1030,387fa245eabbe090e5218be3df42bd9d6c67b389359e0727133055f7609c0807.multimod,0.009759773500263691
1031,3b00973af1764f647382ed292c73349c3337b61f0862b2069513f0946a05d0b3.multimod,0.00011720009933924302
1032,170b921ec664155c3250cea924e7f2c410c9650270bc3484f93900251d2c5519.multimod,0.5755226612091064
1033,11562cbbccb736f0b02a9c43e483638ef3c30633bcae663b7400d7a98e550162.multimod,6.747413106455329e-16
1034,67498af5989aa372198ba7df6bbc803aa8c27a70372da00a106c26ce8287ead7.multimod,1.3624555470909537e-36
1035,b06eabfcbea06d4895d73bb822cfe3e9daf582cae70eb5cae15e207e14bfe04c.multimod,6.302221322584955e-08
1036,8e010d8daeb6073a0e1675447c407d672af9e0f42102221a74ac0b05082cc6ed.multimod,0.0
1037,16b6c083dae141147dce6e8289cca5e3062a51b770d969bab9083aa4ac62f907.multimod,5.138384221936576e-05
1038,8a2954e4cae7a73b3e05d186874a010113e566b3936a80bd504bb8f6c1929c66.multimod,3.277912316579368e-11
1039,80c74a9b90d9d66261355655dac502a3eb1f3b1cd4bd9e859317b5dba46b1e80.multimod,6.386999571129694e-22
1040,6af3b6ee179ee5c3563d9138c4790e20e0e15a3a0fe1ecae6a46e96567a988f2.multimod,1.5074424509462133e-37
1041,53eaa41251d60ea783818308b18b05f1488b52717fdccfc0da977d13df0d537b.multimod,2.4538314088995428e-12
1042,85421a161e34e007879b9be342fbe9dcd8699aa49ed2b05437417f71a397accd.multimod,3.9194975443024305e-07
1043,1b6651756f5d460cc30fb618e61ff04582c24ddbafe55288897a3444bd4d827d.multimod,2.3011641587800113e-06
1044,814934a30225d8b79eaedb7a1559f53acf9117b260e44e3c3b8e38cdc7967209.multimod,4.005494702141732e-05
1045,786635d1f5e2f4f7d9044921224082d4129a781f2773cfb1e1d3e559baa5f0db.multimod,1.6967074412121974e-09
1046,b1ab0c2f949c01f10c6ef085654247456ca23a73b54f47694a812c322f785bed.multimod,3.4434810907810846e-17
1047,a07009cea5058b8abcc7b3f3e36097118436eeb6eb39804c41884c4955a8f139.multimod,1.011518738502756e-16
1048,273285a3aee2ea6a48ce10130c3520d20bd658f8edf9934026b43e9c08874e80.multimod,0.02223808318376541
1049,395a49f3601ccf2a2f1561f887cd1eb58a7585c898776ec00ce356f94178c8ae.multimod,2.340395333669788e-37
1050,50d21741130107920a2d49f6add891058f0e7a9fce86ba385446d9c5e3fb13ba.multimod,1.033167759787075e-13
1051,73fb7c7bf8ac9d1f83efd85dd90ecf79542f21560aa9b38717865ce54a142686.multimod,6.330628270184535e-35
1052,1267a2f65aa18ae3d0d040e7ff8d260262e4387069ed9c2ffe2850705e416f05.multimod,1.2140048056608066e-05
1053,f4d1b7eeadd7f64dbfb391360dd5472158447375a568709967db0eceeeec169c.multimod,6.117495302757367e-36
1054,ead64f74c09fdb15be782c73d9269bfbc225ec43c729574e263f9c1f9ccf77c0.multimod,2.6429540242746386e-16
1055,3376c0859c7c704b3f82a002800c3b0e86f951464080af73aba678ef528073f3.multimod,1.6507367490703473e-06
1056,851326bbb1c38bfca23c047e1a80a31ef3c7cf3863f60367d62548ad121bd323.multimod,4.146587784248368e-08
1057,2d4f1c16455a501b2a53459452b82b2b8b0c9ab4e185b996bb67403ae840ff42.multimod,1.4559261240184913e-25
1058,219688a9f22293067eef8b3b7aff390a907109514a90f0105c57acef4d476ad6.multimod,1.9190985272771577e-23
1059,91c7326afc491ee20376114d02ea53183b0ab11e97659798ed0436fed6d1b137.multimod,2.5966968678403646e-05
1060,a7e80625c231e74e8c85a1d4a30865c9ea28f7620b7ff30047056f8fa45fa9aa.multimod,5.632197486171719e-10
1061,8d9f6939db8f9b54e062403915174431008aa6c87a1803ff9faed072bb7620ee.multimod,4.282156140789084e-08
1062,f7c3a45710832af9f3d16b32e21aae97d0477dd3c3600105bfcf717e701dd1b6.multimod,6.465258490791041e-15
1063,a7f5522c5775945950aab6531979c78fd407238131fabd94a0cb47343a402f91.multimod,0.47392335534095764
1064,c6eb43f2b7071bbfe893fc78419286c3cb7c83ce56517bd281db5e7478caf995.multimod,7.451048986695241e-07
1065,30a09569ea0334c5ed098220daf7772ac98fc191fe902d8dc97d23f4d93f392d.multimod,3.1529889376463727e-12
1066,80462bfce9d2a7e163b695d028ce9886d4277d5db14d98944ce96d4eeb4e62c1.multimod,0.20896434783935547
1067,1f04474ee6ef6fe893865c66e9f6f12fe7cb09e50ff5e008f4a9c58ac7a51cb6.multimod,2.5125503455569742e-08
1068,a8cfa55ae7b1950fac0a90a0f310003b00a893d4e0fede65ae6b86aea40c43b8.multimod,7.715258476537201e-08
1069,bc012d992e854c9ec65c2716bb602c1d461e6d710da4ed616c7e992d6bce49ed.multimod,0.0046415776014328
1070,7afd9c0e1e71623f1abe117cce9f60a824f6a428ccfd307788a491c39eb4bc17.multimod,6.814718344444156e-16
1071,912ae03f338bfcbd0541fb7f9733c1bc171105903a05849383224e95803202c8.multimod,0.21679674088954926
1072,226dc739a76faf5127a245b9cc759d4db3086710d4e71594c5578ae642774f5c.multimod,2.2006253239636794e-20
1073,9bc68bb63e1f0693316a6c322079549a7617f0855cc3b098f2f3ba3233910a16.multimod,0.3409455418586731
1074,ab2b6efde0d8c2f1020ed90085a744cfa8c88810b4fb1c2e41f77a8ea4137177.multimod,3.849126312821527e-12
1075,f847735cb70381b45161f4b0a70ebb28359e91caed9b78eae2f5a4a9011261a8.multimod,0.0020780637860298157
1076,44efa6f54dbe00964ead14f43a9b64e447760436a1b99529535f406021b9e262.multimod,0.5682615637779236
1077,6a9ece39fbca6ff9e5bb61d7b5972b65093a9d302814570e5f0308abf52f9acb.multimod,3.8692840105285444e-20
1078,62aa3524e0c16f48ce0e9493eeaf285124bdd689d5bd6c6574ff1cee1d0689aa.multimod,3.441414167526524e-11
1079,fe8e99a5d0577691d3db5a6b1ed8d578bc21ee66d18164360c03d0516926da7b.multimod,7.418481828835866e-08
1080,33326f11c49b4ae7b994f809d96850327aea4535b6f43c8372187b69348d9723.multimod,9.985050155592035e-07
1081,5288d8d2326f668ac39581dfdeede2b136bf3a0e3f349e4acc50d78ff5c69b96.multimod,1.230908083016402e-06
1082,8f9a4af1d1aabd2ca7db36eb67a397b48c435d12328ffdb4065bd268d3f03ba6.multimod,2.3185056983012278e-14
1083,dc30b28a366f18aebba6443282a7604d5ef40bd255c9bff1d78766dab360f562.multimod,8.781897804510663e-07
1084,68430626449e556d1c6cc76b513d0a6b16a6e313eddf8ed9b39971780bc9b4ab.multimod,1.1934103705257826e-09
1085,f4842871b8bf136aa9fe3176273042f9d155a4d576e0b91924029bd6c77a827e.multimod,0.0064584664069116116
1086,a29c67fd09b5dc83072a50e74a9e21b84d1eb61b2ce9b35282d5c552f0248aac.multimod,0.32549887895584106
1087,67a24d99cf64cfa632443c0b398fc6adf316e54c1121d57c853f0bb06ba984b6.multimod,0.07006964087486267
1088,5c38658203fc52ce6ca39a02a20fb2f99cac9ea96825b2a02380f1cc7b5e8fa4.multimod,8.071664296949166e-07
1089,fe84eb3bffc812e11d409dadaea62c1efe863c020065a4f442d0c2c265bdaa7e.multimod,0.4132760763168335
1090,6167a8147c02190f3161613d2e28e08d9c9f26bb9a570cc17b018cdf8f05ef10.multimod,0.0
1091,0e4f68dad160a341db160a301ff549af2b1712e55d05abe2f759488ec2564a49.multimod,5.704028353648027e-06
1092,804f6ae0c08857ade337dd8fe2aba0a35e087cca217d53ae0aa337cf7e1e7065.multimod,0.109902024269104
1093,78cfd8bc7b23d062a9ed0f7fd7b9ac0cc5b8ff78a5c1bdc1efa59915aeffb865.multimod,1.2864844620708027e-06
1094,2e4763f4bf6587993a64887a1833a19a93b989dcd5aba57768b9fce1455ce08b.multimod,0.47406286001205444
1095,15b8a77e3740c9461e6650923987210a80fd2248ee7756805a3ccc5c2bdddc7b.multimod,9.255836985744281e-09
1096,806b41d1b5dcff7680f1ce5eee8199a9c0dd61bf81b69e4347be7678a48d2570.multimod,1.7786205717129633e-05
1097,eb74320a4635a393f5e9403861677bf139d9a595397c7208bb0155d1e63a22d3.multimod,1.2524856707329945e-09
1098,68a53f5638a59f825873451e852a14b95ea4d53b1ddd48581b0a38a8972d94fa.multimod,0.0
1099,8171962cbfe3dd358215be31644bcec8126995adbd17460f6280e080c3693af3.multimod,0.04060271754860878
1100,8feb39a55976e3a3831fe9c70b19ef1663acd49262433996289c95df4a37eba6.multimod,1.7874082476696668e-14
1101,7a2e86d3bffd9b5f2712c70fedc54d5c295cd5a5a11e24276ee5def55799af13.multimod,0.005051196552813053
1102,29cc3309a613f3b3b9a734b85b6bd6e2ebae48dc2e0cb4840421ec88d8d58a06.multimod,0.11089769750833511
1103,8086177c3dde808994fdb741057fa0ef077379345cb385540189408f7c2d50c0.multimod,2.6732993596567667e-10
1104,10059a3bb8100a03d82b3b641bfad6ddb4ea96e207e9513d74c680f2a7a16ba3.multimod,0.03903501108288765
1105,86ff3564c675ab8c8d71a244f9f110e36db369b406841a499f4ec9564b09fda3.multimod,0.03432026877999306
1106,314faa0b78a4003f501849aa1f24ca58e592345b4471ea41ece25e816ebb8918.multimod,0.03098461963236332
1107,e8e8e55d9123dae408aa0a0e9b945b7cd041544a12365fc26a342553a3169695.multimod,0.17825113236904144
1108,37c97fe776f0af6b21be6892124317461f75032f33944d933f1d046a90bd13be.multimod,0.00021678538178093731
1109,7ad67904f038c8d389be5ce612c9834e640a268c8cd257f257395683e2c66d0f.multimod,0.00014427430869545788
1110,b710ed7871c7c7ab444e78c7686fc15ed119fba07c9507fa2d9128802ccda993.multimod,9.774113323146594e-07
1111,1ed6ac180386d0fb61ae05e832f475228ca414c34f3f9c6c0cda1c63d92dd9f5.multimod,0.021609198302030563
1112,6fb4163ac98183a45e6db7d073b669307795bb2996817eaf10995e39ae1195f4.multimod,2.355564744996319e-16
1113,ffa492afef9e3f7061af0735e6ac17e84561531fb71b7eb5b541d6fefbcd35fd.multimod,0.11461982131004333
1114,360f9073c795610c6c7e89a329b684a469012c973a22ad6142159afb7e9b5df5.multimod,1.1921620635124697e-10
1115,382faa3f0119848f4c0b325fe50ae8659be2b09e069f6660436276358856708b.multimod,0.07302889227867126
1116,093693e2e711995f40c1b9e68f1a208a88dc1d58ff2270298d9deea2d070e9a9.multimod,5.062614036432933e-06
1117,051570cf064d78278b21b1acd744b235db637c78e8c41fe778f0184b385049a8.multimod,2.7151946477841077e-25
1118,8c3c2d2da6891c9c7a4b26bd2450d7e4c066c8f89a48e1c876e5a6f859eb3806.multimod,2.0826613260189168e-22
1119,d1c11448b082b7888e169ff9c60649811da4d6cf27c369cf957924143164d3e6.multimod,0.09003003686666489
1120,603b4737cb16dd19d2d9f1df23280b31c79831e8d9e390422c25fd2188b8360a.multimod,0.0
1121,f1b49b5c11730a3b619231136d4024446e84decbf0da7270b7371f14f67bfb40.multimod,0.44350001215934753
1122,7abde2cd5b6fdf01391e795a6703b7c8384dff3f1ef77ba942079232f60e1cc3.multimod,0.0003086379438173026
1123,3a2aa54eded78818f62c317f42a4d45a9b01e3068af1d837564ba015f51cf242.multimod,2.3074495439368015e-11
1124,1cf3932ecdc72f170d7a72a5108820487c55afe9f9d978b32ed1ffc3991e2c3e.multimod,7.067213232403446e-07
1125,dc64f791f35de8726e6499afdd9d2322ec882022870d487656d5e17427c263c2.multimod,1.2463760492437137e-13
1126,597f0c8f34e230ee934d56ee00593bb69cf852234eda37de88a82800d8b94b70.multimod,2.6509933571255972e-12
1127,0ec3fb496cf9ff7cefb114998504bb8620a808c2d5f96bca2a0013796f9dcc44.multimod,3.0322606601585535e-28
1128,caa06a55fcb377d0bad9901b71dd580caa9248e219d5c85417f37eb84bfc24b7.multimod,6.216336334574635e-10
1129,c653482dc2cc2648fbe55a5a99bf752f365e16319e4c1af26992b6a0825bf17b.multimod,2.575375138395567e-20
1130,21571677a24eeb5600f2b6f35263e24a912b554827873d77bbc49bce56473240.multimod,0.08389044553041458
1131,c6374df4314db4eb1c2a555cd8a26a303a388bb373d5be350bc5951443378392.multimod,4.814539526034367e-22
1132,ca9ea5eaf561e3d97064f97f600e9e68aff2f001bc8e43656ad98080972eaac6.multimod,0.4381732940673828
1133,43f62b4cca7597f24772bf7edd005c3929b5e4d1bc821d5097a7d11ff02c0a93.multimod,6.14692474698586e-09
1134,d0efd010c08aed781d0ae3c62b758e35ac653172b1a41f65d366eea758b38093.multimod,0.1762397587299347
1135,b8f56ea152ff40eb997d062af95956c7240b340cc26aff89c14ca3c06a22816f.multimod,9.51351068642593e-15
1136,4a280e63b09a724c953da76918db17e557bde8dee086099c352035168239975a.multimod,2.6062308561281e-11
1137,93433fa1ec2d2c83f4443636d9694fea24c555bcbd2c423e14db5c8e25ade894.multimod,9.764616392065312e-20
1138,8c2c22a53a63e8d01a8bdbc5301b04ce24a86ea16dd61b1d45160a7ad5848769.multimod,3.0551533965726425e-15
1139,34628b0d2ce0984f57a7b9adee2d8d6e56f9dbeca32f714f4616b2acf2192f64.multimod,2.2247374126374014e-18
1140,3aa4080b45776b3055d5e87f2f8264bfd364f64264bf47f25612af99133f1213.multimod,0.1253039389848709
1141,174758d24eacc64e82d1caf5b9bacdd246b95cf76f5b63d85b0a42e29ce651f5.multimod,0.008548587560653687
1142,ce06011d6733a77c1df3a4ecd9d0aa43a0957fb72c63bf4f9ce5e4f4db0ecd3a.multimod,1.291613914576176e-31
1143,a6ed3a24582418334e7e0b6fbd8047dad6194494a41c6eee1f0ef570a936bb4d.multimod,2.240670973416292e-12
1144,08410d119b877dd31959fd8f18807728146f8c36c9378106f36bb60fef8b8adc.multimod,0.0030486215837299824
1145,3e4bcca978694d600d04c79a84992eabe6a3db5abdb8f6d8cab0b3b35519aa10.multimod,2.0624556285042672e-08
1146,5e79f93f4f9644503ff841f04b82c70b4ccd3f039442c676ec3026c6c88c2ee2.multimod,0.22107823193073273
1147,80ff799bccad96adf090904dfd52541a75e2f5e781a82d6b91e432de9ba58730.multimod,0.3789159953594208
1148,15497b705cf33b364c5f0c683b7cad0166bb8d198dd434fa425db2159394b099.multimod,4.529582958712197e-11
1149,0cb1212392eef15481eba3bdfcb61be850d372e1329c2da68e73803084045102.multimod,0.0
1150,7b4424170c2c2e3f24a7489da1645dd4f48cf9612c1e93cf9f9f4170ea3fd3b4.multimod,3.4456866024483347e-18
1151,1722d0d1d9ba9ec974a30fd721959fb8ec43e6a53daa5e44f5181535f4d08140.multimod,5.90165382163832e-06
1152,26a409853144bb71a76843c0482b36cf27e7363f200c36d07fc0dec86e2d17a5.multimod,7.698911019815569e-08
1153,753af0a913af51c923a571781a88be0ea874c8db7f70d20f77703ffd2e6fc463.multimod,2.311734632230891e-37
1154,a65149660a7beb082810be7d70918082f858f7fa98006078645d89cdd33f461e.multimod,8.328137441823702e-13
1155,fcfa93828cbc86fa9988842e7f49ef967042413863c73e2938e24ee7c673ca83.multimod,4.124503559498543e-29
1156,100753c230805812653241c742e0ffe508ca1c5cf174b3feb841b491871eb51e.multimod,0.004033368546515703
1157,d8097e914872363cf753f3eee650f5bfe2e2d972eeda4e1b7b6cb639743e30ea.multimod,6.691277306541954e-13
1158,b5e829c07bd2dbe18b8f96d9ce4290586a402225c25bc5745324f57c2ecab35b.multimod,3.7376705471105e-25
1159,52570063928436f32a00a6c70dd44469623310c9678ac780d7c13beb7c985b12.multimod,0.002612581942230463
1160,e8b6470f40c64d67f34ba12c9f246a6a82bf6b4fc31d8b72889d1bfb56902391.multimod,3.1025732655752536e-13
1161,72f9752c809d8cd12da34b20f202cdf578c338ec956491cb7b5f18c6d4cbc250.multimod,0.04193025082349777
1162,08776e7a257c2cfc8c0a8923483c5c27af34cccbe483ab3b119a2d7a03a5b620.multimod,0.041585665196180344
1163,c2ad009ac5c39a9fe5fb26911ebff6fb2723f8ba3267deba50e95b746acad1ce.multimod,3.0922356519704885e-15
1164,f9cad7c0218f34015aaf37f29a51832e1c23038ada5fc49064227d2dfb7f1e43.multimod,0.1906135082244873
1165,61d2c5cae0f62658f53c9f2a5ce2a178f3ee7be32cd7867f4561e58f6b977afa.multimod,4.787182206200669e-07
1166,49efe3190f9af249e4f1cafe3e01386f896525b116905d1d88b5cc04bbdff483.multimod,0.020920611917972565
1167,f602f2683d156462cebaf0efa4b0b55c5168b40a8b00e94e0a3f52397e482004.multimod,0.06516093015670776
1168,370eae9a4cc12bfb36d51d91d34d3f51068cf5442ff7c25a93dc2ebea2d6c144.multimod,2.1858901407684206e-12
1169,ef3f7123c77d5241f32d7cf4a6ba9944c534bd05afe64c806bdca1a4220cda3e.multimod,0.038995396345853806
1170,0fed719e9b291ba87721b1958473ca62fb164155eac8c373f257ada90ab89e10.multimod,0.01424880139529705
1171,cc3a5d8b9542345d7474b2e69f8e024359f6d5b2f5b423ae2fa0bf078aadf7e0.multimod,0.015146857127547264
1172,11a8d69a69813ea1bdbc23ef51e9866e7763aba1c4e044542acbdf9d122b04ae.multimod,0.10833897441625595
1173,c0c48dffd6e776ce5412329a2016954f3d145ae8e5b713800b40db022a54681c.multimod,0.0
1174,958f5d3fcecc5c8671b8ba2181d45b99cf885778b2135325d908d47d7b307abc.multimod,0.07161106169223785
1175,7cd3a21ae9d7a562cde0e12f3613a5abc3f498bebcff1845ad7165f2a643acd9.multimod,0.004434671252965927
1176,4aec3ee342f65efa08187018f2c976aa389530c05ee66a0ffefc9bc89279f1e4.multimod,0.00018502150487620384
1177,20a61a94060156d4770412648e1d17ff52b27f52f8b8751362128e313fb49606.multimod,2.9238495847551393e-13
1178,faa1ec0f56ec3acc52f573fd162b1a754ae43d0eca8e6022cd230386e3b2316f.multimod,8.492180313623976e-06
1179,87ddfd5ccb782b16f3651f39c5b00b9f1d92ac8111b5b973bb4494d9074da9d9.multimod,3.933235871755766e-17
1180,51e932523a715d3e35bc092bf7f2c736cb1e54d2b02052a53f48b4a4152c0209.multimod,4.3777360209107385e-11
1181,a037ba34ac45dce0021b80bdd3cc2b7047f34d72280dd24034f1bf9872f1c24c.multimod,0.474526047706604
1182,b2806cc0bf1831886e4a47268ebbc5b4e2c837aa3ce33055e0c4c1b975757a22.multimod,2.286086100866669e-06
1183,4d259a826b3a68d115c52023630a85662cd8973749bc5ea92b0403266b24e0d3.multimod,0.07188928127288818
1184,b5e8c8ac7f8174a2250a12c92c696e62bca7f746367e2bef1e9c7f26725ba632.multimod,4.121063800277026e-24
1185,478f1e21d4aaee87f5fac51d900ca0903c676cc20036b2c5671bf5f0d72e25a3.multimod,7.282439408451413e-12
1186,6a0c08fc84aee4c815575989e45401d844eff52dd6d31f99d60c5046057776d8.multimod,5.71546323181564e-15
1187,25d7155bc0b84c697b9628190a57fcb55789def082940cfeaa9937e410af3147.multimod,0.11293265223503113
1188,31684f957b473917ec44972452682ff4ad503e9e7c4a04b7a54b6265b5ac2c5c.multimod,0.04825126752257347
1189,28826484b635b48e9c96ce42cb06623e12a99d2ca85f8aa317eb57dbd33e8e69.multimod,1.8142586322156262e-09
1190,a417afb4e0cf1394bbbd9f04f6f93cbe3bd73bb98a351b9e74ea0ec0c8a838c2.multimod,1.036900407719272e-32
1191,4410e9e84eeac5802fa8b177c35ad5a53369d634aa85669a322b673e4ccaa0d3.multimod,4.809799477104026e-13
1192,00453ca8895fd43a2509e3b731ceef37a337fe61a36db3ece0f2952e3edeebc8.multimod,1.9864680375885485e-13
1193,bd03e0afbc941c8ae8155f7d917bbf2f6c8977d7b23a10b32937f7549372a10c.multimod,1.104300905980555e-28
1194,9df2c280a915a2a8b6508ddf3fbc67b5e0f1e1621d26bd4a06c202feb4f1b3c1.multimod,9.61147069052093e-13
1195,cda3a6c76f9c990eea78bb9eab201de79405b25a5c0ade579b55b3222efc7b3c.multimod,3.6207445930358517e-09
1196,796a1668798a1faba38d09073f92fe2c978abc49e79a2c9bc03f176b2e1b88d0.multimod,1.0045701742623145e-25
1197,79a3bc6da45243355a920082dc67da0febf19379c25c721c43fd6b3f83ff4ef4.multimod,0.0002523977600503713
1198,be7241329f575aee7b02a4ff1327b3a2903335d5b64ba99dec89d7b21e11ff8a.multimod,1.6761719508033568e-13
1199,8749e9b257718b4f03ea122c00b7e345bdedff2e1afb48c4b5071bbaac83b8e6.multimod,3.557175840715216e-20
1200,abc66bb92d6bd185f90efa95ffae8a1c692f7ca1669d493f8e051b4bfcd12fd0.multimod,9.346673209373951e-21
1201,2228fb0df743761b13a0ee7807fcc74b6a4c7e77daa62bcea289d8f28cb14eb6.multimod,6.149371289954075e-11
1202,d00c3abf3559de4b4d44f6001d7c13444dfef8ade3e19dba9f7c2e536c834494.multimod,0.09544245898723602
1203,53668e9ae3681f0f3ba96f0bf3d7089dfc7db84753b0d1a430c4fa5ac619d032.multimod,2.8366337119223317e-06
1204,cb4fa2d2bb61c82ec0b4c34ca626ba268d4c005f991075ae1270dd69bd457080.multimod,0.007864609360694885
1205,9e51845b946e348c32ad3e701f62845f463de6a2bd614ebd9033b67ccb6b67b1.multimod,0.00010049089905805886
1206,92b35b29e9a3af5e3b47fa3319cd765848e7ffa919a93afac566a28eb6e0d217.multimod,1.4577198044207762e-06
1207,ef929b3c054eaba92bb85f5c9f8520bf9e8d9a5a16b904af348ad8081a6ea0a6.multimod,5.160847339656324e-16
1208,28c7b4ef72952c15a01a0fa42446c2fb648c336e2cba64873b4f1b96a3d16d6e.multimod,4.1384948868396574e-27
1209,53651b6c539348eb32c65e7595fa24c694f703779db11fb56ae6d5eba3327c7c.multimod,0.0067223068326711655
1210,d4b3fa551ff6282287ea8d30b2860a55198f0a8c76cf20ea27bba95113628f69.multimod,2.964941009722666e-12
1211,e156bd90514072c8f493eb6690a18a72a2c758db02c9b0a3dc6a3a5cad1cacd5.multimod,3.063694876812755e-15
1212,10179bc07e4cd533593b36504de0c0ba082a4a6bc8bfb78043c5850f79bc7a3c.multimod,3.945726795313684e-18
1213,478a5af1918f2759066c863ed8649a934519c38428907bd6e73d658975bda0d6.multimod,3.7783627043111616e-25
1214,253310ba63b41508f0560d47a77b3f6f6022af278dd86f831ff9c9f3e0219dbe.multimod,0.0018560226308181882
1215,29ccf750cfa5a41f2cfb629fd82f9b39173fdace362fe477055baccaa49bc598.multimod,1.0389376913137452e-17
1216,d5e302134c463ff3c58bdc135f8fcbb0c5ada4ba5a9dd2368fe29e46ccb1347d.multimod,0.00015822422574274242
1217,9b3c3dd448c3a4a25d1fe668a7d81805f34dcbf84b6cc8593fd15375f72085c9.multimod,3.8499129573210666e-07
1218,8166b50ca897c8f717b0886ae6127513351b3d573c7889cab6c4c6f1ef6615ac.multimod,1.0815341738634743e-05
1219,28363e7d65c51b55b12e67448cdd5bfa432b1b6fb1b0199a23fa966b947303ce.multimod,5.589310489995114e-07
1220,1cbd152993693b12e53f3459b02df14709a963569e15ed2465cb5f46209127e2.multimod,1.4179511254042154e-06
1221,9d67f577bf04951dc2eaf2200b925d7784cf3da654d9ee83a5e80aa119f4f971.multimod,0.009247328154742718
1222,03e5019f2911338dfdbe3e569092234f4d90738fdcdc93aed8da2bc5e243cddb.multimod,1.522053143243607e-11
1223,249154db0cb9316673e2b9dda1644eaeab16741b2e5dd2c8cbf3bcd889b1fb8a.multimod,1.4652023594408092e-07
1224,03716352c37fc6e1aaf815259b6bda12d06e6fe226dda929b24fe94972d884be.multimod,6.379893602570519e-05
1225,2e366d8d9e86ec3a7d9304830211e9a83b8f4763970b9f41861a0314b2866266.multimod,0.0010200943797826767
1226,24bf851d5e58a0ab67b3398c657ec994c8690b529b65050db74459f0984bfdae.multimod,1.5447220745068468e-17
1227,fb318155a78f1c0ae785ce85084f9123b9c690e7aec24e34a2c66337a6bd3877.multimod,3.167351376430866e-36
1228,e634ad99202c62ceb752de2cdaa8b19ef5f8c1f8ce77823a002f304dcf3978cd.multimod,9.128657965149523e-20
1229,eeb414ca778fc7c3a14faacb58d562d901b127614e0be7711ee68d8d4f389c14.multimod,3.2728363294154406e-05
1230,526a62287a33575bd4014de95b631bb37659a03b8e45b2baab42807a6bf46b52.multimod,0.008911670185625553
1231,7cc8ec3e379e9cceff5f8c067df69edb343bce1a42f11f61a0796521c58d705b.multimod,0.0003962878545280546
1232,1653059a747aab11ce5ee24ddfccb977cf4042d00ba18fb42f0ad5774d1306d2.multimod,5.50235421462042e-12
1233,41df2e28fc05df4f3d933e858a31a23f2313fb45869c201d86eed37f5cceeaa2.multimod,3.775684192380835e-13
1234,aa96fd5795b65b3a44e9c63bdeaf98691340f228fd398aa2447b54efaf6c2bb9.multimod,1.5410314005539885e-28
1235,a1ac126e22710c6f97e7bb23afc744c888f5a38c404c7bc043f38fdbfdb4fd05.multimod,0.0
1236,d220540b63ddbd002a2c5b16fdf94a7f4cd397dc5d62f3272f4b1e8c01d0f423.multimod,0.03368889167904854
1237,662a0383a39631cb4533fa548e500f28a746d782bd033f327f4a11aa4f63e498.multimod,4.144353127344402e-08
1238,f7fdf5993f7554396ac12cc01ad2b1413d8f967baf1cc75ef2ac5081d0597cc4.multimod,1.0605990662779555e-26
1239,a783ced66a9c1f3cec167190ec352ac195af250f0c585c6a7296ccfeb3e53af4.multimod,0.053733061999082565
1240,3621ff3ee4c66ada79762d2971b543013852f7914edaccd71dc6d10cee18bb49.multimod,2.3939017435026244e-10
1241,0526cff3ebb1fbfa493cf982fcba85409ae692157b25f9046469576bf58e8c4d.multimod,3.941578484541731e-18
1242,233356231405b463a86f35d65cb4a0a7ab88457ae8cc01b097d63ea2038652d8.multimod,0.0
1243,6f5c03106c784fa468a0fab348cf73934dfe0db68428ff8f9a55657bb31cb056.multimod,2.001611944113021e-33
1244,bcdc6392b3b37f15957006bcf397e41bd002267ca25e3f96e0d9d80d6d4a184c.multimod,0.0001621498231543228
1245,0755086e94d0e11dea086684ba253eca459a88deb4e5b92f9a316ae6afb7e4d6.multimod,3.3549972613400314e-06
1246,0cf3a602622a7ce9ca8aba20923342ad510e3151cb31b4c593f1725dec840749.multimod,3.4267695018380673e-13
1247,5d5099a21b1c0c407f3acf3951e31cd9b6ba1954de1288a2f669f20973e212b2.multimod,4.4593442877400875e-15
1248,2952e10303789890652d8db6ca246feb868625b8f2f79cdca885a223d38c696b.multimod,7.437292854631987e-16
1249,897ed62100039dfacac32b756bd7e0fbdb101cd5147843dc1cdc0aea23225834.multimod,0.12163235247135162
1250,e13ad0dc56eb6c81334fe1634ed48238b55be7e3b5e595f7a4a0beb68db0c3db.multimod,2.0303104975027964e-06
1251,8107188fc44e804ae6f60b1ff67de422759f69c7878c5bf6d2f7a421073ea67b.multimod,3.5966731957159936e-05
1252,584597c407a839e82c4d102373f223106490644cbe7d4230d8365808d0ea8e96.multimod,5.823382614364347e-17
1253,2a592f82ac6c0a1392f3b76b31fa5981227b7baf74e3136fdbd681f7edc8e153.multimod,1.3878978947896533e-15
1254,a0917e845f41a9678069fef9832782d9a39e64408c5d0905428f010f79e314c8.multimod,0.0010700562270358205
1255,4b6545878c603604f9e62deb5a360597139d1a3cc2ee2c1eba0a34350e639a62.multimod,3.005382949618833e-24
1256,da7c2d792e50111bd9f5f8092b784d45f30fb11fcd98646329134c0159151129.multimod,3.4122490433219355e-07
1257,0111366c67c96088fa880163a54b42639c9b3dadc46f27f68ac56a846e868672.multimod,0.019065745174884796
1258,a4109aced9a0aa5ee68f1a374b8904742e3e902f3d7b8902289ac3335660ead6.multimod,1.8907321888694817e-11
1259,5a9f354aa4b9b3f8f7a6f83d7ecf48fcd4c36b85480a1d4e73b1cee136a59411.multimod,7.777764210459281e-08
1260,e62b8b9d1a07248585d1800d41a25630dacf2e416152cbdd624ce5864ae9a2f7.multimod,1.4571292254917307e-28
1261,ae877dc174dd9ddc0719bd1071cc061ad60b4ce29d091de0f9db893fd401730d.multimod,0.0
1262,2594f547221a6fe312c439c475d9a1f3f07d083845c9d840d8e3d91f2a467a98.multimod,0.2346619963645935
1263,090b5be26bcc4df6186124c2b47831eb96761fcf61282d63e13fa235a20c7539.multimod,0.09970393776893616
1264,c7c2e6bdf048efc3093230b142904c402a1628856a5f5677eeada51fe7a73ecc.multimod,0.3657039403915405
1265,07763f357aee9adf5218f6017bd615073668cd378f94d9770b2d149e73c839fe.multimod,5.886485254791296e-08
1266,d525f7c56241bbfdbeb68a90fc03d8d666da4acd139b5bf42d95537d5985aa04.multimod,6.511534367259486e-11
1267,85ecb744dc2c42847fbc0ba719e34083873304de66d8c8819ec3101fd65a10c3.multimod,0.0006336778751574457
1268,000a067df9235aea987cd1e6b7768bcc1053e640b267c5b1f0deefc18be5dbe1.multimod,0.12545786798000336
1269,84b5e983a1da95b1aa08f7a43ac96aa836b6c9382ed357f85934db6781d0228f.multimod,3.156868116371743e-19
1270,263f0521c1513c3082d810dcbc30cafb5c0fe55429d39f69ad7365a636e14fe7.multimod,0.388863205909729
1271,4195d391c7aced935e5fe4eec25659b858720895b41cb3316b893ead82928126.multimod,1.6028947613655475e-10
1272,79cadd578dc93f7ce6235e5f206ba4580cb5102bbf052abab895e2d5c30b5917.multimod,1.3150429634123384e-09
1273,d5c3a0e69c56de38884be2e954c8aa87af63d260cf84b57bdb7a1c70cd2a30f6.multimod,0.48682957887649536
1274,9ce927e9d8562211a6287dce9414f8b86efd3727179d0a356d9d53b7d1dc7298.multimod,3.514121544867521e-06
1275,06987dd1d1096e2cffdb5564817ed70c2441f4296dc3244a62f3dbf172cc6dc3.multimod,2.594198814098725e-11
1276,312973ae44afd014768fec7b495c8b36ab0ab35cbf881eebbf6231f9af76822a.multimod,3.8219855969205635e-21
1277,854fc74961c1a0f32e5bab76aa242f2bcbfe3706fa092cf1f544d6a92918b50f.multimod,1.2307575403269766e-08
1278,94bb6ade1ef31c6c96b98c7d8fad1abbc794292730f4363ea3cd9204fc5c9dfd.multimod,6.6894045844582105e-15
1279,750801c371e0f34ede7c15948f147fca7641dba3c948862817b8d96d6c7191a5.multimod,0.00019082886865362525
1280,dccc147bcb8205f185208c8f3af42036fd4d4c1f7f7c843e525d273095ae212e.multimod,1.5837075574565151e-12
1281,4fca2064417bf4c9e96131aaa59021a56f6d01c18d74d085cf01cb9e9c4e6e25.multimod,2.0044460080956078e-30
1282,1b78caac3d1be0df3752c559a6cf72da4e89006f08913189beb361a9890ec6ef.multimod,8.258956540885265e-08
1283,c1c30dca258fb0dd1e963b3f948a6ce37b0963665a062b2a519caf996a14ac46.multimod,0.5106199383735657
1284,434dfd70e1e01265465247b6391211ccc7850f666f9d6d6462b013fde91f91db.multimod,2.180331462223411e-17
1285,45fc68a4e5b3854798a8d6c257079c93bc10adc2638a37d41d15f9f9c9b09d12.multimod,0.0072520119138062
1286,7962689ff94dec358eb28f1f656c58d2b0edbcea2393e662041fe56e9afaad66.multimod,2.1960600449233425e-08
1287,b3d9dc74fb78427f5c36ded780def863f673d53248b3507070bf4e7614ae5222.multimod,4.84302078350271e-26
1288,9ac55621f6754ad1477e44112517c76e98a6fbbe1040b657710ae490bd0556e9.multimod,3.7663814289601305e-09
1289,3350f12d5f7dee7b98ebe7be74f096ac5537146ba2e2fd922de7579c61cbcebb.multimod,1.0484667127086826e-16
1290,7532fa636c437730ee5cf4c8556fc7c1b0308ce012bb21effeb67a3d7a8cfc90.multimod,0.10969451814889908
1291,c17ca0937891974d852f619d3b7be5defc79c6d7bf6f3beeebb991e684563902.multimod,2.798118720064809e-25
1292,8585555bd1150aad0d02ae6d5d3c5ab86facffa13f757413b4cb990f426f81d9.multimod,5.360428545486684e-08
1293,097eb54fbd92f1b27b9b018875e8ef0b9fcd063c5270fdee9955153d807fd1ff.multimod,2.0929501260980032e-06
1294,1eb26d8d7b8bb323a4b97279e0b16707c72434d01102fe5e8f26d6f2e4fc60fa.multimod,1.3888303536744913e-31
1295,5fda66647b6e6b45ea324b8e6b86e3241d80900794655a60a91509ee7bce652c.multimod,0.034354109317064285
1296,7726f764a7a444f05691cdae993037d16dadcae20317bd208debb4c8d859d962.multimod,0.0
1297,4a42c6b385361c356fb3524794be7772f6282aa46ee90cf2d3f88f4a9b273f9e.multimod,4.949894716332892e-08
1298,06b42ad94b5d5198d8ddee60496c666c889e61c9b0838e6fb59a7de5e8c7202d.multimod,0.31819042563438416
1299,4409440d39c07dd466150df6995161de893813074b2448b115c0af3b65bfa841.multimod,9.336446964880452e-05
1300,ff2db1fa521b2d5aed855e35bc01ea8cfc69693c591186d9b3427a6efd0bcbf0.multimod,9.926986422215123e-06
1301,222975bcbdbd5b40d24c825b6cd59a0709d2b904dd868780e32b6100629d73a4.multimod,1.2364747817628086e-05
1302,e7b79446333b7fa2af2cc0c0661e1f9135edefa09b341dfd96bfe4df4e755566.multimod,0.07015437632799149
1303,37b3ed98c691fe6ad35a31536c9cb3be81f43380168f6b0e4c35b9ba354d1ff3.multimod,6.373387020688659e-37
1304,af03b73dcf716366061287a035e455e98a384fff2ebef4ff5324615aaed07a70.multimod,8.617572801183915e-13
1305,a4406f78a05f44f6e8db0f96564070e84fee2638f003c61f23e2de4f1f0cc779.multimod,4.082336275664303e-14
1306,4f3fb56eecc1eaf4f8d5eeaca873e36c4956e57a25f9516e5d8afb26e14dccc0.multimod,3.07885272832209e-08
1307,61be8b4152702223e3f1b4472f7448b5bee61ff1e517e112013396e435b58c5c.multimod,0.000916985038202256
1308,930bcc5bd955db892386c0d5159c61598c29948783d322790424bea93bf76fa5.multimod,0.036539096385240555
1309,7da9397c07a5f139b01dfd2ec4bf4bf7bc91ee1ffc401a91539d69e57e90bc61.multimod,5.117905002618185e-18
1310,481b68a8fcd2e0fba011a281e3faffaa5c38803983fff1817c4bd3559d227028.multimod,0.0002456441870890558
1311,8a1c626ffb8e04d69f8f4a01aa154aaacb386e56b27bf9ac5fcbf24874161700.multimod,1.266059739685188e-12
1312,bfd3204c603ef403a2f9bcc172a368764b7b87e7d72e3dfd1d3dfb53f77215ad.multimod,7.281375974845258e-25
1313,3dc661d984675bcfb972f4959479bdafa6d67b6dbdff9d3d6afb451dc64a43c0.multimod,0.015292457304894924
1314,6aeac7243abcb53abb7579a6aafe98f40abe2c502068d7ddb67228a25578dedf.multimod,2.9757435404675903e-10
1315,ad8d281375c8b4beab36c8eb6bb5e2902287f13ac1417f16bc983a3a5ee65413.multimod,2.6328158009021682e-17
1316,035001cc44850bd7fd1fd380861a9bd12c383789f92acb80fc18813158fe1a4d.multimod,3.532333721523173e-05
1317,690556ba00e4cd0db76d1593f8851f512c7ddd8d5150ca82033a72ea83937454.multimod,7.300903234863654e-05
1318,4e899e0c8729264e37fe6b9486ed99e0605e1a9a4cc3834c28433a115fe8f60c.multimod,2.0448378990067795e-08
1319,ad11e6f7e83bbacf1c17233769324569720e98ddfb4692197a13453d50a57516.multimod,9.160599914666582e-16
1320,9e1a1dc7059346f6bcdfc1f78664041c3002f3c962c0b9897e485bf371a37010.multimod,2.918056820494554e-22
1321,0d57e6827f5c951983f5dfe0383489483012a8122a3b41f13372ab0fa1ece4b2.multimod,6.819447038221101e-17
1322,0a68a27d0298bdb226dac7a5ab4853e8794b3ca8b2d20ee6a413559315d29f35.multimod,1.1979680940735156e-16
1323,5ccb3fb98b34e795dec6e4724903e99c261fbed89084401646cb2d1a80eb61d6.multimod,2.705681239765969e-14
1324,72c375ad8c95485aad793fa07e62a5556187ffc12d152427c3a4571290fddd48.multimod,0.187281534075737
1325,2f119ef66cc3fccab2beb77c4f5273be33b8ffe36b598e58a3846277cc80bc96.multimod,0.004847872070968151
1326,99c9f403937ad28cdb650aad1fc472b2c05ca6d562d34c1c065d9ac92644f1d0.multimod,0.0
1327,0abcf9034bdb8a88fcd85f133a1677242431ce63182aa2e82827131ef00756ed.multimod,0.0
1328,22dee09c9232f0c28003d96488b014d19085b1398d583eb88cde1e89a233f07b.multimod,1.0956426044206324e-10
1329,0ac59b8e80e40516e10041d5225171cbf6b8f8ba59f26413f5c42c063fe5d41c.multimod,0.04683487489819527
1330,cd85063af9e7bad04502bb2281bec86cfa203377865fb4daf1358883230c95cd.multimod,6.506286075394547e-29
1331,ecb22e859c8f05705a3af7d4a152bb3fc0ef8ac48aa2490d66993a1ec72dbb39.multimod,3.915360866812989e-05
1332,d854089fbe7c44561414b811c5a7ebe7c4264334298d101e0ddea7004c7c0df8.multimod,0.0
1333,1cc034cad7d4bc99ea87cc263a5742fcd077574a5f1b172fb5e153b6ab36a025.multimod,3.2914314080305713e-25
1334,dfab5679d569bda88e4ab13a698e401335eef2bbe49a3a0ec96dfa93293d9805.multimod,2.257448269960811e-19
1335,398b89bbb98d68900cd717034f6ad2a0e65fd821a0540002e71fb9459d6dc1ca.multimod,5.658602757099406e-15
1336,0355362f4270e02ad3e78b793a1119739510b3be9f94e34290d8a47784cf72bf.multimod,0.03223677724599838
1337,c618412fc8c31a17262c41ba1366f633f1dc662db32d82ff4c0807c01b14a080.multimod,5.1919155817193257e-17
1338,8781f74e6171932a98e56a13177c35181e59ec4815cec41c506a04900db0daf5.multimod,1.7591678981576653e-13
1339,6cf1ea2f3c6c1fd5f154cbb70bb5cb582a7327ad0ba9e3ef232604e5f85c2b82.multimod,6.289728844421916e-07
1340,f5c0c7893895cf75c97ac525ac187d5982fcc39ce45c9fd36696f63081a83694.multimod,2.487431484746172e-12
1341,b72f5f7151325ff5b6dde7dcf60de0f3fe20ccf2439e994f009f8043f3c7bcfc.multimod,3.4997103739442537e-06
1342,dd1af0ee6862a33c633b1a9c34992e1a8a60ae180c8bc5e1497c9fcfce5fcff9.multimod,0.003356053028255701
1343,c37099833e5e2d833d7781442e11469ca49b9e6fb954e29ae6deb4c1f2797d42.multimod,0.32609012722969055
1344,e82993bd3106428af401f79334a239d8bf8ed24aec0f25d9e66e0190f24592b4.multimod,5.359835296946114e-13
1345,9c076ac9fd3604dccd919d7ea5a1607b7812c009310064026e9e5a87c2f811f6.multimod,3.2997844907900475e-12
1346,39c342b06323a2c59fa409f39b1e4193b1b8059dad8183d25c6e837b001700e1.multimod,7.050706748367716e-29
1347,ed6fe7b4b2b89dbb5177d01e190abfb36c29a24f6181d0ab53f0fbbf12543308.multimod,0.010808611288666725
1348,2a24c2ccf9c600969263fde3894cc7fb49b45c2af662ed883e70494b75966d19.multimod,0.0011904845014214516
1349,693cb2a34ea52f04ec7110487498ee8e927757a484a47292a21329eaf2f16b66.multimod,0.003560539335012436
1350,6fb2e55f2e09e015c9f39796499bc2d98121a66f1bd7eb3851c31b6538d8158b.multimod,4.260693184336113e-18
1351,e7e9afa3f1fee41ad39a93b1cf777fef2adc3ae10a45917d6a7763802a352aa9.multimod,0.00013597848010249436
1352,11169e10b3c59c378129927ead74a698de0533d9cd6a0ef68bfe8dfd1ad6bfac.multimod,0.002213500440120697
1353,185120f5fa62141ac2282cad5d163889854fc6b673a5df8e2ea7823721840b29.multimod,2.3223760692303586e-08
1354,3551a41d5bf6689aa5fda5a918f65ed04a08247d7e17fb3ab095a0a5d49da126.multimod,5.915412604196035e-09
1355,c593a4ac829a32e1cd8882149fa9c9a4215d93ca727a636886787a5998c4ab15.multimod,3.8509584762960526e-38
1356,8aeba630bb19a47102b0d048906a0f0316be315c1a7405824e4a35ceb8169946.multimod,0.41179215908050537
1357,3f9377b0e9685a09e85b9024abe6e4103d5f6d91f3b660715bd308fa92d5ec9b.multimod,2.8017029924180756e-22
1358,acbc6f26007db74c4b55df91bc0b9f3e5817b319e27b94d4b9114d6b8482eb91.multimod,6.2605398921210314e-21
1359,a1db4600717f573095068d78faff826ae083860f9a88c231eb4fc19b48713e3f.multimod,3.061007891602685e-09
1360,4251c7eff4b14c744154f0bc9fa1b40a6b3e69c18b5304c7df678962e6b9cffc.multimod,0.06383343040943146
1361,e08bc2dafcac25cf0accf7cd7e46984183b73f11cd8ce364352b00703546c59e.multimod,4.673077033358771e-26
1362,49922e03f73089c98692294727731742cc38faf23df8067c25cf10957cdba0a3.multimod,2.7459674395557336e-19
1363,8fdca3a8808a792abaabd8a49985555ae321357f6cc0326e6182fe50f55c6118.multimod,2.8238261506885465e-08
1364,c11db6470bfe25d6eb802cd983bc3b42f69c19d5f92c893551c55f670f414652.multimod,0.016558410599827766
1365,c1b909a09d0ccdaa7b52001ccbdd61d60fbd14f74811acd19f59747e1ec953fb.multimod,1.657936184956336e-23
1366,b90c1ae0d602a2f14c20f2d760b3e6c305d8d1bb78637d63a319e00223f24253.multimod,0.4378882050514221
1367,6113bc8bbbdfe89114a12ddfa25ad54eed63367cf214624359212db7007a456e.multimod,1.9078796408831842e-32
1368,8eabc92785a8080d7717040c0fc24e1c2a17ff4885a6fc1e5049d0d6271d4c32.multimod,5.375733599066734e-05
1369,859f854141821232af1634283afff54e2de92eba8958c21bf4ac769de80de1c7.multimod,1.7376999039697694e-07
1370,52b2c62fe7b7891bdbbef0424c6f5a9b4fe61d15b830dcc393bfc0ca3accd82c.multimod,2.0539374221009443e-33
1371,a83a003b989c2dcd12fb0f80dfd458a099f33c1a1f052b2c53ece5f719063495.multimod,5.628117083489315e-09
1372,7edda56f75d0969b0dac563d99d64df27f13687cb605ebf02f1feddba3fb1a81.multimod,6.823191789351313e-09
1373,d8d19af139e71c474f45a6f0e12fc6b1b2ff1c6c3d2c170113062d2b4040bc44.multimod,9.252281804926729e-30
1374,64860299a1053bf4ff22e445bb98f325841713b4f527f75132137c828e526d34.multimod,1.7471259994294996e-09
1375,1eef6271505368098f9a963a0791082d06ed3d1e76fa557508913b1f577b9b4c.multimod,2.9138427781738585e-12
1376,d80ffc8d1fc968460a1bed7e8cdea91910ef4434314a8d8f8ffcd755b1a72e7a.multimod,1.810175951190776e-13
1377,e00a0708779265266e86544df957b201a269a4a5d105d0045f0d30b340b25cd7.multimod,2.88336369026444e-19
1378,8e9cd376c41434cd19bb17b36a523a7bcd14418ef58849d775e629152fa95c35.multimod,4.538783127117085e-09
1379,e13503c9ca82ed988bfa9195393418dc667794279c87d8a5fc2d018ffd2fd22b.multimod,2.9510687227229937e-09
1380,d50ee075dc1f46e379c7f28e6e0787472984555e7760b9042af1d3887bebcf8e.multimod,0.026553848758339882
1381,64c0df43c66c4b5f08b404fec355321629123b698dc8810d09d1812cbb039f8a.multimod,2.6065203329039832e-09
1382,ede7d95903b3582a80c96a9c0bf8c823dde071ad9a715b608f9e81e8f6326ff5.multimod,1.1283058227963202e-13
1383,09609b1d65471246f9fa035bec614d542e164fda9536260467e44e7d04f058db.multimod,0.0022937909234315157
1384,03191237256611ca8400dcc35261f2e9c028956fef272a574680b2c8053c566d.multimod,0.026277732104063034
1385,8cf11156b2f63101199ee3447b7250adc8d884878675ac5783ef859595f6b324.multimod,4.9102800818434655e-12
1386,e3d1793884e7c2ebb4caefe029b4c2096cd2db306c36567d4be2a842118fcbcf.multimod,1.1054225979023613e-05
1387,a9fe4fae3f83390c02b0226ab7f511cf56369abff8f9932096cae322182a3cb4.multimod,9.417507108607567e-19
1388,11c6045ce12d845e592dd40588017697c0a1882f60863b5c71297a50d2e85ab4.multimod,0.0020865066908299923
1389,d9cd08ebf3b8cbf9df71a52d7bfc7f9506a9641b4215510caa37796b291bc36a.multimod,0.4759669899940491
1390,7a91f699774f6029de78a673e9454bc1e47981cf3ccae25fe27c227dc0c6cb18.multimod,0.016959387809038162
1391,af17ac83aa1fce6b410b591118a12374c9eb16a9b2e22009f1e97395de5e0197.multimod,2.1158034634212453e-13
1392,b501b950390dadd87481d570e3d388ebe76905a4d2291dc1f082bba7884ed66f.multimod,5.465495860335068e-07
1393,f82f100927d2a8987cb126885f437f9cacb145c0696400026a74d183eccc6e20.multimod,1.663600762138659e-13
1394,dd0937478f1b024ef8a8ec9d9c3613d3780e9d2c62ba3aa46cbadae904e010b2.multimod,0.0
1395,b5463674215e32dceabbf3791119ab8d8f3072194c3875dd43026f56a2ece997.multimod,1.3108699262500416e-18
1396,bcb7755041b632c32e2588aafca5ca7cb2b84153b1a2e24ae1ff31a77211b7b2.multimod,5.845521785471391e-23
1397,1bafa7cc6ea9c34ba282a5605beebd1bd9ba0a5e7c71ac4a78bbfa957957c600.multimod,7.094400871210382e-07
1398,ccb61c475c9d7a7ab1d0f65281b837052bdfe66ac8c0c7fdd7eeddce23a993aa.multimod,1.3544529942066674e-09
1399,6c891b36a6b8b28bc2e1ac03cad075163d5007913481dc58441280f763b842ec.multimod,2.1798918058016717e-14
1400,62cb2d60392db11cec4cca96dabbe6db271cfbe9e6d33b2cb1a69197f4300691.multimod,3.650227161007026e-14
1401,cc70152f92f2967a6153af1c77b930a0f7efdbd924508467d5ed50fc0bce465c.multimod,0.0010595448547974229
1402,a4f427d79d64f1dd497bfed5799804f46fa6ce3e6217a34a22e693f7632c16a1.multimod,0.46529847383499146
1403,53dc3be645d7c3b3680e7add47f0f3739da90922cbd5021cc760555e99d79503.multimod,4.1069565526186125e-08
1404,a081638f604c7b5fad5be5171df429156e66f9218ff5df641cf53ab4e0fcc2a1.multimod,4.7026254702413446e-24
1405,d82918e808962dbfa7bbc2836c74a6a5fe96afaf6eeb512d53c4072dadf5d347.multimod,2.1839161035153154e-10
1406,6b761e321bae0014c6da0403c0cd5e317b5db974c5126efd08f8ac4b4400a0f1.multimod,0.011560119688510895
1407,f1416ba55dc4e22e8b2db13cf6b4acee82067db9430edb705673c4853ca613c0.multimod,1.275766085045353e-16
1408,35d7f04bf90be9c17d492126edb5ea3ca1e4b6c5270750d86bd93d557afba17e.multimod,0.13259181380271912
1409,234d0e54d1b5f1fa4acb1b3e13d3993792d3243dff5da37a1b098ed52a3851bf.multimod,8.603667885359254e-19
1410,649efbe2e189d6a860e3d4dde0879a59d45aeaf89579a1132fcc33bb6b7ea81a.multimod,0.00020972196944057941
1411,d60fc38f0b92e00c9e0611f6d2223a1ac87755bb48a512e8f3b4614636058899.multimod,1.89824781865568e-17
1412,66bde0b22a0f4d9d8964e707cb62e68f1cbcb1908dcd6eeb48723127aeab1964.multimod,0.04025639593601227
1413,32e66195d3c8f571470c233aa8eb1b8bbb35635f8c6c7a044ff2b28fcd01dfa4.multimod,0.126047283411026
1414,c929e22a503157fd19f2a49fb02ebd0d5449b1ad6f37d0a36eb3910fce52d928.multimod,3.117588409651262e-10
1415,923030386ed5bf1f057c1776f626047aa6ecb15699e344a0ee131287e904915f.multimod,2.4271273399846353e-14
1416,8023099d74ad78473cfe45da68a1567857d17085cc0295362d04e1ba2c5b0fef.multimod,0.032349370419979095
1417,60cf132297e933f1064874b70b4ed375e31de368fb649f181974fe6a68fdf17c.multimod,0.016414588317275047
1418,b439f642007bd707ac806ba3f71e7b2a022e261fbd9b5dd3882afd8664db98c4.multimod,2.9004421087108767e-10
1419,44322b281047d6446e3a45177d8444efc9a2c8846997b3663ba3f3eedbff2b90.multimod,4.252846110830433e-07
1420,37c8c0c9fca6d85627c7d208b597801a31dce7f869ad18c436f220b0bdfb882b.multimod,1.0442330528709372e-25
1421,2e25e6a9d88c098a71dd1a7c8196cb2313a608a3d49ca143f058943b047e9f41.multimod,1.1766325413997691e-10
1422,bf490891a0f6fbaec236f9b25eceb379090a3897d7cb47e26397a490bcf701c0.multimod,0.4061978757381439
1423,2bb538d32b9262f5bcf5814aec5a0224fc86d69190cd1f4748eca163da062ec6.multimod,6.865831458924276e-09
1424,3c44fed6329931c17ffbbe8044b9181ab54cd9c5e9671c657e6f5a0882f5d59c.multimod,2.149082391477281e-28
1425,97600df7619ebf708e65d95c98ca6df834802faeec4004eccab5fd7310fd1714.multimod,2.2577160071492706e-14
1426,5b6db7e24ce5a0ba75ec4fcb55c1d7768aed8781a1646e275936a0ff32ce3f49.multimod,1.5281617984919116e-11
1427,00fb209d9f9f1b68b4e13076b555ca1a6da4482f5d1c9af189704e5b5195a09e.multimod,0.0
1428,368eb74ecc99ed42c6697ea5dbe80dfc4ff8c079723c789f486e4dff2de7e5fc.multimod,0.012816572561860085
1429,97739f63bc6ac4b7988e938ac9f9c239589e6cfaae5bf5f91a8240d502b734db.multimod,1.0364484071825068e-34
1430,3ff38295e3b67d35f95677297964382edb4a36ac75dc4ff81af17d71254bed8a.multimod,8.040381693774634e-09
1431,fd0a14e59bf37115e14d1432ac534f2c7a2bb535bff339a980c35138748b8369.multimod,8.671722982477078e-28
1432,c129a55a6c11c945bb2ff99be4547eb1426228999b8afad9aebbbcb74beb400c.multimod,1.9702071292754808e-24
1433,8fdd17e520f7c2ac1924ef3806d85aadf3e969418578ff0b7ea245af93a16315.multimod,1.2270079423615243e-05
1434,47a579638610804f3ecc1f757e2ab6b0757f439eafdb4231d0996d5886ea43e1.multimod,7.485196490408796e-11
1435,06f3b82f301c97b2da71f4fdc8ed0e6046381981581dbf7714511abca47d3387.multimod,6.26969613379269e-13
1436,7c227b791a80113d047ea9851343ea8793a01514f4c271a6213f8afe2eaa0ae0.multimod,0.0007210485637187958
1437,76fb09722a270fbccc63e7a33ee7e6e35993270600a04d8c162b61bad982dc51.multimod,9.97112028361391e-12
1438,24689c0d624416868bb6e55336f55b515e99f80bd73294d23b8fa61069148da0.multimod,0.4196290373802185
1439,86762276d29a48b75bc995bf99552c4bec06e2afd9c2ea0e94be6aad163ed089.multimod,1.344800464563034e-13
1440,5f674254604955c4b1a8f7f00de5b1cf05210a86aafe905c7e62ee40ffd0d1f4.multimod,0.28862622380256653
1441,7aeba42c983020bab44bcd6d3e203de6c5dbbb31090270343b1c0254f7d66943.multimod,7.312846150853147e-07
1442,82b05eb7a01203b9c4c8f27ae5ccfb4977541316e8659a237e55e107b9f93d24.multimod,1.972380117383958e-18
1443,089b72c6d0c924dcf0025b7382acd8699752a1aa9d6b913f196879b62cb46d35.multimod,4.530383623801981e-09
1444,5ddaaeab9668dbae5483e893c7f143054af4d26c99cc54de523e15e5249e8bb0.multimod,2.565518760974661e-12
1445,b381ad98153b46389933964dc6d5cffc73b1dfe49e1c269c8c079b1305033457.multimod,7.966214070620481e-07
1446,e06feb186a010eaf228bf7d5f89d8615c9134960b7b38983ff0eaf239169542c.multimod,4.055049906970254e-10
1447,46e404128bf1381e66755a51d6e151357a83b25251b39524e51fcf3a935a6579.multimod,2.76167818432753e-19
1448,79acc4342a29a67567f043c81a8e7c6f0b2110ec83986f2ea5a9ec0ea41888a5.multimod,0.09187915176153183
1449,309a8a671f1046d7ea90a8726dd0256adc0147df1cd12d708b4a5e7d29de08f9.multimod,0.001878104405477643
1450,fdb3c0eec71332c007fc44d5a5fe74b555dce5b5246126ecd816ce383bff0ed2.multimod,1.3774958741512073e-28
1451,2a2d844bdfaf663b6d9e130388389e784d8b9254745a8e49c6d04768ce1828fa.multimod,0.00010672834469005466
1452,49a5ccf30df068127920c605b3080aca99b896fb628a83786ee0c9ef81e1a9b6.multimod,1.0732665600698965e-07
1453,83ede38d1b546030cd9ccebca2194dbad1d3414fb7286138b69abb516863619f.multimod,1.9411497760302154e-06
1454,80b4e3f67ddc6658bb3918beeb83fb81136d467509f562663cda270750149dfb.multimod,1.4959151695137507e-09
1455,fb09d9815d5502ee290f99d66e1712f02903789f2099247b9464d572ce48ea09.multimod,2.125557369003772e-11
1456,09ce836a030e15b840d1153dc7cc2101678e65e173c76720e7dd98c982f5dea7.multimod,2.7810781546313126e-20
1457,23fa40b8906f64a500a44baa71ea1726e9432605a18178e1984dbe2ef931763e.multimod,1.7225487169980624e-07
1458,98e048e38646d61322f63c8cf497509dfeae785f3a7a559e9e0bf6856a01d6bd.multimod,0.00010150061280000955
1459,551ef476f977de26392a9b93f327bd87e6bb23d563fb4aa0e889a0c0d54f697c.multimod,0.004804094322025776
1460,65247cc4370988c87ec6e2a9f8ff64c6755a666cc297412bda8db2b75c8e05aa.multimod,2.4626440032102476e-16
1461,80299212a355dc5f55db47bb5f207d4df1c67eee387a4de973b64938b4c3c516.multimod,2.1095906959089916e-06
1462,5e027465a5de9128937d50bd1b79d5f660f7ee2b5ecbb4bfbe195f7c7468e77f.multimod,9.308765563931232e-12
1463,ca5ea2d259115e8d77ac251a8502320661d37ba98452d7ce2f9eb669ca59a990.multimod,3.006377233059217e-21
1464,097075e67e8b3af0290175e3a34ebd587d4351294682e3b01274e6a9767d8caf.multimod,0.031112276017665863
1465,8d06d61eb0d4bea5ee9c450101dbb3e2c7d96474a5d2556a821ce2ec64ecffe3.multimod,4.14278182888447e-21
1466,f2d35932d24c493c58542044d64af20f939006e296c6b984cdec0b8c07d07578.multimod,0.09564371407032013
1467,fd15ed8c38659093c5ddd2471dbcf9921edf7bbed510ac851a55666a96b6a397.multimod,9.788179756413498e-28
1468,8fe9187aaa9d4d0140440c21a40bb90b347cb0ceb8e81b2d8c332b39a252291e.multimod,0.01445771660655737
1469,889457b534610fda50cd0829c7b04c41ca2a1a5ca8901691ce9326c4a94764ce.multimod,3.920417423464514e-24
1470,c9137a5da6b898e13b07d5abea61100d0708a9e361d854cddf7eb8ee5d302bdd.multimod,1.1768352554719428e-27
1471,64635f5c1f4df92ea468effc7d165a27d1e5c341f9be77d24f51e8545234f2f0.multimod,0.20774507522583008
1472,2bb602fbdc47b378ea763febf75c669a16e3db9b4eed44c61253deac9f0fa01a.multimod,7.315231778193265e-05
1473,a40c96b2bc989fdf11eea2b8689bb0a91e9a14aa15a81eed23a48b3612da6930.multimod,1.5964477476619222e-28
1474,9ea15755ce68c63f0c648f39649aa114d61aa52e583f05e2fdff6b3a1d1f7b01.multimod,1.40689932042702e-21
1475,578d21fc5aaa2c2f7b6c7ccbf2ab4fa64bc21976b0742e57846019153b2530c9.multimod,9.924733035404643e-09
1476,88faf677ea6f499065be85156eab6b6fb4d9c6b2c091b5b02d112184523f604f.multimod,4.033269486621027e-13
1477,ef422626e32c6a7647cce1f3abcebe67ec8da322fbf415de8f4b787d4032bbe1.multimod,2.1213276468756703e-08
1478,b6607674b81820652946dd23c40466dc47a982a50e73a1bec289e8e844e604fb.multimod,3.344578415514629e-27
1479,b218b349aa6331ebfaaa56c35ac74aef3fcd55858d6359ff4be883f8a7000e40.multimod,5.984677440759538e-29
1480,44b7f0027262faa2af5090aa6dc16c12827e40b0b1bb9d1249b382c99e7648c6.multimod,0.29031941294670105
1481,9a07951946b3bae766bc1ed6d823afc8400103e04d676091f32428cbdecd14d7.multimod,5.176719628278108e-21
1482,d3492ae9f24e0a050e883662de6ae40787a167f2e2b1e983f7730b5bf2d963be.multimod,0.4866235554218292
1483,14c5f2fc5c304794fa36a27b30bdc49e0c5b3f6a9b52dccedc34172df052d044.multimod,2.8762214832056543e-10
1484,0804c8515a757bbdff4107c8add9ff43830aba90ebb204009a4765d68f9a6c75.multimod,3.018070856342092e-05
1485,cc5b4026d714befb2bbb50e0e5e5861a53472a38f1264cfd190d0ffa42698754.multimod,6.208243696903537e-09
1486,a779abf9765d0efaa5c25a92a9e4efaffea04956dc9652263fad8d129b829fcb.multimod,3.724000552374207e-10
1487,82507c6c60ac627fdd5df7edf1b128b2ff8ca6441a0a750cdc2c20176fa5c3a9.multimod,0.003497255267575383
1488,c07f6b06baf907e094910e433174b4edfc4582942f50ade194a61abdf23085f3.multimod,0.3318588435649872
1489,6fcecb53ad06b82f74023730a9d056717dd8f0f5bf4ac31be95ee87baac89bf5.multimod,1.0268934355930828e-20
1490,017597800ffa7a61b202eab6200364b098d2a55742442f8d7f8a74ca62c07f73.multimod,0.0005819738144055009
1491,5606655728a5e64d3c2229deb831d087605a1362fd545dc5d7a93961bf1c7825.multimod,5.041632107349869e-07
1492,89aa148a81e8aacf75c48c673cf0537a284d8bfa33ea78c2957128ecd5d5e96f.multimod,1.378740092201295e-15
1493,7a9e61d450c0ab19406e34dbe9d4a44374bc93fd9cb6c10f7fb5939a558bcec7.multimod,1.9980756632564933e-11
1494,594936b828ea62792e5398e19882ab97418464c86a8d94c80628b61604a1f496.multimod,1.6516977022207335e-11
1495,30ed750c6f05c667d152ff5d48129dbbf57ce574424839164755fb7c3d0f8d89.multimod,1.0463605073098803e-28
1496,60e1cf28bba835acb166f02b14f8026ef2c1ac0fb87244c9c5e6abd306c649fe.multimod,2.1382951832793484e-12
1497,76d11b8aa5cdc60396486391348161b80e93b7d6be9655dfa20b4f25df6ed868.multimod,1.9041678456233058e-08
1498,e43fb5d7d1d3646716d54c266065ead43e577888edabee24a0e266b0f6c16b64.multimod,0.06319677084684372
1499,148e658fdf814a7e56355483e7e51d266bcc124abb30b711ae53b86169cb421a.multimod,1.5110330419191677e-32
1500,5bcb308a754301a6cc850c01d1018ebff90615fcde4e94a541eb42d54b6d75d0.multimod,6.727225002599809e-17
1501,854babeb207acd013a6d4b7aacf780f00ed697bc91f0b18ba99b42027b943398.multimod,6.877290275042469e-07
1502,d5cee1cff146c2ea7ee8d2a7dd96992654f00e6872c8523eb8047772674f4e30.multimod,0.013770527206361294
1503,98af480b4880a8c057c80ba18b77650a622449d6687cce31d26624abc50e4d76.multimod,4.347267337778682e-12
1504,19b89f2bbe9a73af6976d4a8acfe653ca93fb49269433ec92a9ca6da7311a8b3.multimod,3.879169526044279e-06
1505,9735a399f3a88d8ca987ad4be4a111cb6e8afff3bd121ef319bcd314f53e8f81.multimod,2.525562669323481e-16
1506,cc50436207d8594ff1a7688895f563ee107d2b5c3024167d7158bfd42d021a8c.multimod,1.8893413500364886e-09
1507,8a7e2800e9c62484829aaf4b10446acb2be4b8be3515b369eea316c50140ce10.multimod,5.115045951242791e-07
1508,1e1d725ad48e5629b87d7ce5fdeaeec13d8a895e7cc75a3bdd3c31827b36993b.multimod,4.950669388326112e-11
1509,d8693dcad404c83e3fd5c9c05e98e7c2fe751157e4cbe71f15a6de90cd8bf83c.multimod,1.770836777575653e-21
1510,4a5d2a60ef68aa8eb47bf8ae7c5323dc786f0657a7bd8c3af8019e9491c8e3a3.multimod,7.494026021959144e-08
1511,74b9922ebc83e4309540c44e59d24419f22363071d25b00e67671765563de23e.multimod,4.380559974546776e-14
1512,dcb07963bc45514aae762c3236cc1fa2e69a6e4a86d3c22d8dd57e9d03bae1fe.multimod,8.48855652658758e-20
1513,b16c93eca01286733d64459a4ca71a565058bc8dc4f96b9d1f714fed866e31fe.multimod,2.833700091287028e-05
1514,4735ba2dfbdbb0f1e9a286da83155760c77dcce1bea9c4032ffd39792b251898.multimod,0.0
1515,fd743672c95ad558086c799c249811c57463b4cd5b7d2c3610302d68fd6b5b7b.multimod,0.001965853851288557
1516,0ff7e724669c6282391de112bf3bae803b62bf25def662e5fcaabeab30b12767.multimod,4.855957121695622e-22
1517,6b087af108f2b26c5b50a991f7437ad92755a83bbf8f892ad69eaee5f6657056.multimod,1.998395335389663e-19
1518,bd498f5016840cc4420f771fe5c79a44912543f8928b1eaf403eb648f5d0e1dd.multimod,0.022681312635540962
1519,a8fcc1cefaff79b342f0fc838ccbd02aeeba38bf499b0d29af8805bf51f97c3d.multimod,0.00011712998821167275
1520,a955ec4659f57355e523d6be7a341a1bd3de2e227bd58a1311cc099aca92537c.multimod,0.19511325657367706
1521,567d2bf697bfc857d965993cfabeae7277f5815b91618c20aa33fb75190ad19a.multimod,1.5923700136255547e-09
1522,12cc9c98807b22186714deba2b6a8285da9556020325a5543fac69a481e7277f.multimod,0.0685749277472496
1523,37118e4b6015ae48e09b17ca4d8b586a39e4e0c802244c7beec44e8907aa4cb7.multimod,1.5011619334745485e-12
1524,a80aafb874038fe66ab1cdd17430aa74c90f0544b17de03d24c0594e5ae9465e.multimod,8.518390965211186e-31
1525,8980f335e1d29fbeab0d8b90b07e0d65d4935f5dd2a45d190c4c2a261a14dac6.multimod,8.55644519470798e-16
1526,abc702afa1eb12ad5e3149d8e61232dd7120c6906c867ed2059aec81b30d3ac4.multimod,1.8499037857111489e-09
1527,a2928e08abe5b268b278693487ace9b89be5e6a6a9f9b626238f65430dda31c9.multimod,5.230156551719236e-15
1528,c604424f1f4c42192a4461b4ed4956c4007882083f1170e9bc3cd21cd3688087.multimod,2.943192991886153e-17
1529,319a962f486080b4a7dbe1896a4f1a345d86c5644ebedb8f28ab2b737cf9deeb.multimod,0.23659765720367432
1530,68019a986aee3e698f7d141e7900f4c4f3d444de3ab18aa814e1a424f72ccd07.multimod,6.562476073668222e-07
1531,c3e3bb31dcf0ba577a51733b9aebd05cbb07afaca7a2f574bd43b49892c90f47.multimod,1.1790644904863257e-08
1532,4647d62e94d18d30a9bfc16d12e79881aeb76cafb348d20479262d6569da6cf7.multimod,0.0002486877201590687
1533,f25a56ff8da483162d7136e79fceb3336e3db3b2f4b440fd73042768e580d181.multimod,0.20388446748256683
1534,6fef2a08c99e11a2a7b80d4d811a919510c0af68e55bba58ca0f1331193b55f2.multimod,3.23767189319444e-26
1535,7e3b62acdd7d958d6bd769e169fd67b2833bc5adf94ba21a3f4783ebe991afac.multimod,0.07120411843061447
1536,c4e0c0aa645e46d68ea21c62aaee0a2e03746eda2205a79de2096021057f42f3.multimod,0.1479276865720749
1537,326fc668fbf5dd4812b075fd963994e1378a0533637899eb07e639bcb9ecd733.multimod,3.4304097106321874e-13
1538,f4f3c9d0ee7a615b05cd8091f1a0ab45b824f3a95198e7171e04f01c3bcefebd.multimod,1.731413959433207e-16
1539,fad7de3e5c6c616f273a074888d820759d3254d228988068452aa612c5d57712.multimod,0.0009603640646673739
1540,0f45de04ab935f6c737391df53356d20445ab99053e457f418e18b9b56787338.multimod,5.670412598669794e-13
1541,b78ec7ecf54576363c8fb192bc0a4ad25c9e4a16e7d4a87722bb3084aeecb7ed.multimod,0.006199047435075045
1542,985c08283e418fd9990bc30cf9db3be913c3db64e97d284452bd9326f59b00bc.multimod,0.0013613842893391848
1543,675f920f9ccebf2c6cf16bdeb472c35a4ad03dab8c1fbcd73ff0aab7702734a8.multimod,1.5705085161243915e-06
1544,42b94b00ef6f039d4f227c627a26c2c60cc72839076924847be1f7ae1a1d87ba.multimod,9.352431569047102e-18
1545,1a1bbe402c430afed6c97c125453091da9da26bbd5418bb36659b3614c2c898a.multimod,5.605816339865723e-21
1546,57eb9a160f199e029dbd046ea68e41c07083f99482773b6395641a46b8c9aecb.multimod,0.4890669584274292
1547,248dbf1b6683f8844b366009639483f1b25bdc939255af107dc827b2fcdb7af4.multimod,1.4317397472041193e-05
1548,f7630a0879691d700f8f8d7a085c620ccf31b93261f94714f75af0595b4b7c9b.multimod,1.9323734166712682e-32
1549,9e4b3c3b05a74be6d4fd0a7ae2a5b719999cf1ccaa6ccc18852f01797a4343a9.multimod,0.08893229812383652
1550,7e692ea3272fe27a4179b53b8d418f191758680a231a050d05078be342bd8bea.multimod,2.9380068341432414e-16
1551,58fdb36af7a2a27c128faf17f67fc8bbaf1135b866be9abf4b83a567e8cc1829.multimod,5.380319270041331e-30
1552,9aa565884a221f34c246a85b0f36676760a8dd6e14f18abf57329204607d01e6.multimod,9.359468061687082e-12
1553,9a59aba24c00bafb56e325220bd444463a39bccf60f6053372782556c8f80f9f.multimod,0.008999100886285305
1554,d71b3ab95bdc065082ed9f9eff8b2a3c4b8f10ae285b059e86ba1543faadf8d0.multimod,4.893063273216916e-15
1555,7538030c391fec2ed59342626dd9fc6c4c07d08f153c65408ac370db1b462be8.multimod,8.465936929269446e-08
1556,c4ce9e464fe848b9fdd60a87935f5d80386e37e639c0f7d8fa1e8dc3b9adcd08.multimod,5.207259042052255e-30
1557,ea342fa78264a135f081e3c2be4c50b8f03c1a3b314910c89a42da98b98c7ebd.multimod,2.269319399061942e-09
1558,f4c5494d8afa254385fe35d707c5ec5b0b420f635fac54ae169e1b7cd9ce67a9.multimod,0.2650761902332306
1559,0c8890bd550dd21cc5b0feb9ad101984e194719b2656ac904b7aefb35765b15f.multimod,5.285882120572977e-19
1560,83471e78937503a6228d15573fa68578c56e5d4a1d2bbac6eddf60bc46cb4c62.multimod,1.0980463230225723e-05
1561,0e92b147da0bfb389903f3a35102bd9d15d958f499ecbddb5b899554f0d26be1.multimod,0.0
1562,e91b1acc6fdd33f2c613364746433d1b15f2880ef6139cb069bcfc8a659683b8.multimod,0.0001121732930187136
1563,3a2b8ff44ddec336a53f48d20bfe5234a3656011980b3f748a0fc2eb29c82e52.multimod,0.1911620944738388
1564,c0c6e61dc980b6d0df42faa5d791fb417b8a930c116418dff33e0557297ca7ee.multimod,0.0016539865173399448
1565,ae1377abf1755523fe96a41456c88230f239ec106041b91ad6282c739072aae0.multimod,4.615078284808671e-12
1566,b6ca6e0501d0e13ab46a0cdeada1ba5d01e463c5a08c2fbb60be2d1151a57d8c.multimod,4.24229278874777e-25
1567,7b753ff41ecf7fdb23508f02a587f2ecda094e587f37bbba6684e329be455543.multimod,6.663633485004539e-06
1568,e97a428a380b95d254d5815f1c1987c391b07f4b65466c49be380453a0542f85.multimod,9.5716552630902e-15
1569,babf2e8757f9e0a1195b5f51c2c2063d93687f41226f1b3d0013e00c2a483b6f.multimod,0.009474335238337517
1570,fcc2a64c56ee11f73bcd4f9d641c879e2e477d657a04681d630a03bd79b9e287.multimod,1.52250712037727e-11
1571,2ff6cf239fbae1e7768bf8acb6a0f7491e1cbd9a48bb6ae5de19050de49be0f1.multimod,0.0
1572,0498557e9b528ad13afef7a5ed8244e525b200021fae079f5666897d6a3104d0.multimod,0.012478407472372055
1573,eab9f33515233cd64588742b326e9f70b3c57423f9a28646fb34f1687a869128.multimod,1.4673796613351442e-05
1574,da31146dd4b40ed9607510112145ee71ac6bb5f1f1c93a156a0823ed73f0d8f6.multimod,0.0022098347544670105
1575,003585f856a2a322e4a7a989a2bff0eb62e025aa9d2bcec53742f82c76d592e9.multimod,0.006907186005264521
1576,76cf8857c6ef8f731bd632f42bb64e814c4aaba13d80e250230bc75f1a643168.multimod,0.006907406263053417
1577,3ee94fc41f396dac2ce626417bfff5c5d7ae14cb6b82a637e25889e6459f6a36.multimod,8.14944349471381e-20
1578,a3784e16ba0364b6e512d8f5668a74e0454402377e02d115df042dc615dec938.multimod,0.000244422146352008
1579,d438485d998451c1969e39563c50710f493872f04ff13e163dcc77cdab0d7d8a.multimod,0.00017707825463730842
1580,25efc2268aa61dd88266299b5ae336a86499e299e0390be74c2ec666ee21dd2b.multimod,0.0
1581,5716c565dafd8f39f4cf4920f20715fc1923a5305cf776bd3bce5e82a92d1e03.multimod,3.9459496292693075e-07
1582,f0e316c1f0264c4bd3fcdc804f1c663534c7f77b08326ab8f8a6697141384ee3.multimod,0.0018537859432399273
1583,dda9fb014ea07b4787f0ce67d9676d5d80f1fc197a263ce7007f3ba11af16910.multimod,7.923764515191776e-26
1584,05417cae28f2107ba3e633b237bccb29e2521d276d1366f64ae82a649127d4ff.multimod,0.014589697122573853
1585,3d01b6374ac6e342df3f9a4a24634de6c47e3d898a2a43f3c7094b17f84b9c92.multimod,0.5000494122505188
1586,4fc7651fcf75fd527a9b572ab6a900eb569a78ce8159d6a7436b69e70651a85a.multimod,1.3342942306593386e-09
1587,fbc96fe471e22da6c219ed0aa42c55a1d14e2bbeff123a73f9f53b6ee9efc297.multimod,0.12761805951595306
1588,12a3c0bb2aabc363c40bf9c9855637976e36c2b5bb8059b32d3036044767946d.multimod,9.246433910448104e-05
1589,c6fd257b35939a90a8c4cfb58d53ec943b9c2ca043380548c6bd761d74ba9686.multimod,1.123745024680719e-19
1590,8a21ef092a49c5228fa14c1716d485427006b399acf3787fb11a73d5e9422ce3.multimod,0.00103229028172791
1591,f33afef45d0734c62e8778577ac7685d1ed038b6daedf26064bfdaae7b70c84c.multimod,0.06948167085647583
1592,1af33fdb847c2d38096ca752a6d959087ff4d1283294ebdb9b26de67d5f66a06.multimod,0.013526593334972858
1593,00e22cd46231f1f930e5a7ceb0f1a4f7cf600102db85e55c9e31da95dae55a4e.multimod,3.145438540741452e-06
1594,a123f89a8236bf7886d67e732376993a0e2248f94b2d67532d9b9160c674b86a.multimod,0.050093717873096466
1595,a83a403e526dcd957487cfd2a7e7959dfe5c5429b20826ab756a5cdb418e69b9.multimod,0.0008952368516474962
1596,79fee36fd70b2db0d860ba50110d89e8524468b6c518a86c97b3a043a6a2be4b.multimod,3.45509038046643e-11
1597,15ae319dd8dba9c463de97eb02796fe0b82e8e52364a2eea0a31317f9452143f.multimod,0.03532497212290764
1598,0aace1144b8e8292a096b5a8cf680f4bbefed3106d2fb63e815503b8129a637a.multimod,1.1145718872285215e-06
1599,e76287cbda91514d88a61588be571fc77e3a23d3c46c71072b38f1bd83d92c94.multimod,2.5129094865405932e-05
1600,67c1957b4e47ea4cd4d7d141877402ca26d73b51357060d9023e16259a9b9c45.multimod,0.0
1601,5c21c5f4cf27824676ebb64919abff932e51e4caa6a2df8bfdf36c57b7b659a4.multimod,4.1748822757250675e-29
1602,c8a91fa182856c78c33f49085e46bee9eb654a4460d6760bb3c55708ded5f2d8.multimod,0.38535887002944946
1603,61b07a9819c7465626aa21db77f122ae52070f6ad787926afc62ea4147601882.multimod,4.9265106561282093e-14
1604,02043698b6dd2aaa168e3ae27b1c74260443cc56e1b69140296970ea42400afe.multimod,0.0035409440752118826
1605,19a35e4659d0ee2c5e4355fdbea86f13d2c24486d63544ac311df1b7ad9dcb90.multimod,0.42117297649383545
1606,750f9e06c4fc52a0aa13dabc4d19cbf8a97a5e9a4ee43cce9ec862e509028090.multimod,0.0006650110008195043
1607,812a6cee35b787e85ae6294b5f556f36b6b09e9498d1a2ba60a4fac61d72149d.multimod,0.2972188889980316
1608,ca393ec4eacc459b8b3e5c645c1125b6980aabaa2e4423c71b942c576c567b8e.multimod,1.236639718626975e-06
1609,0f83a8bb212ac61b9ccd0b937c2bafde1631cca1180c2e86eb2f66a287a8691c.multimod,0.04405327886343002
1610,59d7632c2b19adcd2bab55a37b13fe895ae3d98c335ea3d8f0c359a92c7e2ef4.multimod,7.270363499542737e-33
1611,057be424bd9953e4e247352f21da216fc22ed7d00b1806f11c70779ea6a6b203.multimod,0.29363375902175903
1612,5ec9d1853721bac5da60df1fb9b679ac80ab18b69e3f29914c210eb8b01c5c70.multimod,0.0001627630554139614
1613,00696116790f5c398de19e9184da0b32ac011bc30e9c18e14ca8ffd2c3dec7b8.multimod,0.0958835631608963
1614,86e8b641b9a9d27ec5a1e1202c78440f2179d6ee3227a0ae2c9a9019b9fb181d.multimod,0.0
1615,a745adcc29bef19d74eb16596629500dda5f5170b4a2ca47f3a04d966146d03c.multimod,1.1095565791022569e-13
1616,2f11fd748a1c3fb6e1642774065181c20a60ea5fd77f96c6ae40aec1ed1f531f.multimod,1.0939947336236012e-16
1617,c5a3864110e436729671d5c0a00eb45bebbfec2fc0cd3ee49802d4f0355e6ac8.multimod,5.73635353360839e-23
1618,b8d92cf31df6577df4711d79455950b95b7e222d07b6548f2db218859628aad4.multimod,0.009925163350999355
1619,3e906856e54e9cae79ad69bafe6217b93e85b1c933695ed5b60f45d5ac597d0b.multimod,2.3016142811083107e-11
1620,e9cfcf6ac8f41d631dc0ddb198a81f23a40cc10d290faac3301d1ddcb4a9cf6d.multimod,0.00010120241495314986
1621,e0cab5bdee08ffcec684ced511d12fdef39a6be656572c7b3398d9b652a71008.multimod,0.0
1622,40d388650d95cfafab9150b010d43426724acbd0a7013d4196704b7035b17bee.multimod,4.6253317861918065e-30
1623,6cf2c2a914554b7bf50dbddfd74a815823f3f8f7a1196525c725e2e0ed830116.multimod,1.0410870776578207e-10
1624,62161683d71c190290ab6442bb586d21ea3bd88274097696a656eb4ed82608f2.multimod,4.566105053527281e-05
1625,b64a8d6675db6247f87f124d621fc2adfae8ca1fb7a60eab1892a0b41202b434.multimod,7.897372597694368e-31
1626,6a8273f1b1b5abd45e3a8a8f9875709dc4669852df728527f43274317cd3919c.multimod,9.016300936871891e-18
1627,181ecd66fa2ccaf60842eebfce1e7a3eaebcd5f677396b63f9cdc3ed225c4af5.multimod,0.030756166204810143
1628,cf2f53fe1c0b3d66a116a332fb6f17c12ce358f3284859bc0f45f8f6e487fe1f.multimod,1.5487195970109724e-09
1629,603cda7ac6f0a52736e51ce28fe8945bd77408cb74575c262d7b4ded49ac8b0e.multimod,2.7157490733770336e-14
1630,f9fc9c23e81701556bf44fb28e93e9ffc120236ac5de7a40ae954f79a9f57f6a.multimod,0.43150752782821655
1631,84add9fac3296b18818413eb2af65fc06e9412e406e6d40644d33b7992942f65.multimod,0.035531748086214066
1632,c4864da32bbbe2059fc6489adc72c43f622a66870aeed620176efc2b1c7326ea.multimod,0.012691463343799114
1633,1369bf3e1e7fee25a17c28e7d2963a10482b3438d238fe3b57ccc1748212fb51.multimod,0.0
1634,8b48e4712c3d2354cf6e5cd1a956ce249d9828812d05146e6a6d8e3294c724bf.multimod,0.124741330742836
1635,092c599c136f3d890fd8f1f9aaef52408caa8f821e25f107a733e6c14784c832.multimod,1.8375927167790614e-19
1636,9ad23e451055a06126e3e42435458e4209a730d7cef574a20c54625f01ac800a.multimod,2.1135950791211638e-13
1637,416c2e36cebf4c8479c6b11f7a8e7ee52d8ba8768e9a00d17afa8461c0d5d0eb.multimod,1.2904564083981995e-09
1638,88b286ac38ef10c3adbd097e82907b30951bafc774a76bdceba2f0ff629f09e1.multimod,0.3068675696849823
1639,055153d55de65ed5b738124afdd24567d8fce621dc321addab731e0bf36ee7f6.multimod,0.003576829330995679
1640,05332328b281ba6847be6a0a8918b4ec55ec07fed51165c6038a894843b07dc7.multimod,0.37267690896987915
1641,e55534e25e4ccc695d871924290d6c865e63712e9950ab6f275976aca8ed16cd.multimod,0.3303655683994293
1642,e54202357c76c3643ccf02bec5b77a2a943abd194a6a309f4caea58763f13a9f.multimod,0.38343918323516846
1643,5a75956ad86346425df8bbe5907a54015fc1925cdc1a24d778e099455bd74a8f.multimod,6.175564400134892e-12
1644,89bf5cbd9e5e060405798c64449a617a1b08a7c59db62bb156e1402291339d9a.multimod,2.048328042292269e-06
1645,8efd59ce71a784f6415aeab80c22ea161766711d886596f142a1da0eb494b03c.multimod,0.02672985941171646
1646,cdae15b44978f491033759411cbf9f2936a5dcbdaa3c4897ea9cc1d43d099a34.multimod,1.814469933894905e-15
1647,eb84256836a99417b13159ad285430bc879eb52fd755d90caec766b17793a265.multimod,0.11388761550188065
1648,bca0995662e754ec020129b32789a9251cffc8d73c32a61bf3f4179af2932ceb.multimod,5.580260256291382e-15
1649,d91460ea4c32dba8b4eb7aac5daa94b2774f17ebd21b523d475be053e86cf0fc.multimod,1.3858739293937106e-06
1650,ca511eae6da55fdd654b5fda6d07ce0b496a9dd311e8893fa7b4e288a9f93fee.multimod,7.255688562989027e-13
1651,1c3040d6ab0792ce1937313e9c6061ec889451dc724c1118c3e452265d4cdd10.multimod,5.620293563879386e-09
1652,ca457e1bb074a50be1a02c751e83b466267732c187d9729ead4cd160cf179072.multimod,0.24437089264392853
1653,ef51823f78d2752f9c56a54daf093fc18fb66557674411462947a5da8b658101.multimod,3.2999436516689684e-12
1654,373b0af3f33592f111bb8523f476b5494c54ae4354729d1032008887391b0c95.multimod,2.1432240473130792e-24
1655,5cb184067a3eb10f02fc2a7958d067ac80e414a8cb08f030cd7327661ad923b8.multimod,0.09897414594888687
1656,bd87751f8f304d1117aaf849f448c98496d2411d243e3033720711f046a94a1c.multimod,3.880605553693503e-14
1657,576639b9c12143e558a4ff8866d6b0e1370c0705cf8701dfc296b497a4de20c7.multimod,0.012978805229067802
1658,6e389baced97514a2956fae195bc7fcdd179dbf6d27cbe8c9cc2b004b07e131e.multimod,1.3696721809844641e-15
1659,814914828305615ee1b4e41c9a9d252120de8670b41c70ecdae74e6822d26d6b.multimod,0.07596136629581451
1660,e3b17cc857739b315a05392fcc2c4a88090d667fdf04b8723da688a81b36b53c.multimod,0.43608197569847107
1661,7ece102388345cc946c2aa58e240550da5136dcc06ed4d8af6025da1602e2302.multimod,0.026721712201833725
1662,f44d6423a3323b58336a5b6a3fa705c6022c7d7db047fec1cb7ffe6568264444.multimod,5.029257710732102e-18
1663,b5123f1f5c0997098d2a427deee08567ce24f821aeddaf11c705f1c2c8e64fa9.multimod,0.03597678989171982
1664,334d56e6e9db153fe2a44434609e0410e3a4714d5b881fdf19a0271cfacc8759.multimod,1.9284570468292017e-11
1665,2031899f2d1b085ee584110feac1953d4d3ac176a7f093671f84dc9f11d1c4d9.multimod,6.305264052951953e-30
1666,dfadeaba9d39d7af75aafca6ce044a3f759a11a224ef34adafc41f6478d76acd.multimod,1.0457072490907549e-12
1667,06122bb9a5e048b30530004104cd03bb4b0f6e195a2e49ee311400ed4a9119ce.multimod,0.00204918603412807
1668,625e14f19c61a0be29d45a47caf918b977db845a5ba7eb94a33bdbc4b603cd46.multimod,0.0037384137976914644
1669,f684cf9478f0fd0d615dc5913e412af2f3865bcf63e3cbc19cb4fe27bebe99bd.multimod,0.0
1670,f0ac13c53b4bb3a035f3a6591f53dcb8b949d3f0fedc6a02da6320f6af73ef6b.multimod,1.967834482191609e-26
1671,aed3d43ec1557c051d3a80a216b356fa6758905a5c5b2db038717ad668d8a5f6.multimod,1.701642610425645e-19
1672,4694b231dc9aceca87b6f45f9c598bdfe70216141a34000b535d5019307b5c1c.multimod,1.552772260814475e-13
1673,02655fb25dc0f9d00e686c83cecb75fbb07785ea734a300b8b83142d322f2c27.multimod,2.9964530767756514e-07
1674,9c57f1ff58caf82e758de5270e2ffa5b0c935f5f4ecedd4b22f0e5b50ce4974c.multimod,4.581393072376877e-19
1675,9835911956b4b16b7515f48abf3f2c3ed0d86799dfe3601a361845b7dbca45a1.multimod,6.7104889285812645e-15
1676,622df73411dcc06dfa275f47666352e536a46c2a6554880c15450ac869c65a10.multimod,2.680251327547012e-07
1677,0e75cdab4bc5e729f6f47d9002c41a2699b52b8fcc9d43b42639b36ebe8d1347.multimod,0.06231541186571121
1678,db7aa07cca87d0c5814d2dc13c8ef8e85f14f799f1674bbc6a75a14f027a1de3.multimod,0.0
1679,2f219324cbf618d05ca4cda4c999e141542d5dd63ffab71f0966668993d2a696.multimod,1.2279220786230465e-22
1680,021dd8cb942c749f6f4d64b592497f68d589d3b22499dec3c1009743ee98499c.multimod,0.00022754287056159228
1681,5f7ad51d21680af992bd9f0ee731d0bb1b92d669b3d4cab9a3c3b365fc60daf3.multimod,1.9713234950674563e-14
1682,4f779028be9f2991b82a5c4cc79f919dac5298f2e8a4ee211664780f9fe507fe.multimod,4.602421499466658e-10
1683,2aaf6378b79c13fa3c5880e9ecebb594430e786f405427ba0ae1de15d3907eb2.multimod,1.340006008376804e-07
1684,0657ff2667049af2f78c00699c4bc18f73e953e39240be4a063ae927b24f367f.multimod,5.229106925241922e-09
1685,ef915f6a5e12df89e928035f1a5ad45b90cb40d9a95630c4d858539f1987d21a.multimod,1.350073744409131e-15
1686,4a5ac40726a81559c16e251986e69fdacad86706e6a629c2683cf9debe318cbc.multimod,1.5173912970567471e-06
1687,231ef4f10573bea2596a3cacfae93fd7d30a1406783f776a03fa42484445c248.multimod,0.32721197605133057
1688,ae7d2cbb3195e0c2b5186180dc55618529ded7f44e02e7c18570a5eab37c7015.multimod,7.886870601048201e-10
1689,af02bb48245a4c2537ae0bd1bd5cee6155a74016e9b59f312d475b2f5f445e00.multimod,1.3417029987028428e-10
1690,fa25560e0a611c7dfa46380585de1cd69365a053a8314f5eecb652a3aca42e92.multimod,1.6697110707952767e-11
1691,75f8f10e4f2be63d8805c58d4965c05b2d9a17063284d696c74b5846ea204302.multimod,2.0625400692919627e-11
1692,f44028370cea39fe8f4c9a3df59303263ec735ceb4188091200e027fdfb8649b.multimod,3.2863218168890235e-15
1693,f69ed3a6c29b439478ce1ae2db44b37c240636349fbc721276235007dd3aa0ab.multimod,0.024569466710090637
1694,679dd9c2c861209fd75f1f51a14580c36f315d57fbc56d0f4446ecb3206003f3.multimod,1.2765476383753175e-17
1695,7087275b7e0dbcb700b4d9fbb646349e0992d214916f64bf9b7c461f3a07a6e1.multimod,7.184129935922101e-05
1696,cefa0b2f7e44e20ccb86c7e2d4520590846865987c0c572802d3a8ac6621b4ef.multimod,3.487544017843902e-05
1697,743b2e2342ae6963f1e0cea08052d5f8cc3519140ebde89f574b5458e08b5566.multimod,0.01614101603627205
1698,d985baf6e6a17cf1dc6c7cd2242dc3a12609ad2ecb789072465a6eac1bd201cd.multimod,0.32701191306114197
1699,a8621506344640b8cc0d40d9bc3a124ddfeae48eeac5a8b7311caabc05d3623f.multimod,0.014879949390888214
1700,23b92a7ec0e07541160a6869e80de7197996be58db1c75f457eccaa02647cd01.multimod,0.4285145699977875
1701,4bb917a2f1b529703ab72ed2bdaca57cf4dd14320d304d6c3d38023bb8813eaf.multimod,2.7348295361662167e-07
1702,7016564df40a1da70a825bdee5e3a38addc2a24254befbb8a531bb33db4d1f1d.multimod,0.5426816344261169
1703,8a9ce520e8c5c2580cb0f34ffa467c4d895f118b5f30bed6129aeeb71c0e1814.multimod,1.2155388695589409e-08
1704,362892a9b04a8b8d0e41f0443996d7c3a57abf0bef8cf0116bc63eec01d247cb.multimod,2.2627655093610324e-14
1705,7aabc91df5df9c586953d752bb1a462cb9f418348704bfec665f8572910af998.multimod,0.3147208094596863
1706,e6b885d626f8ed867e4f6cc34a162338ad0b7558283a885d6774157b98255a77.multimod,0.22441409528255463
1707,5030b673a6de2f1e1a83e3cb911fe053bdc38439d6a22ebad1c8a3a59d513205.multimod,0.03010326623916626
1708,13cec38582ac74ff99f3d80964a45c5a5f082369530dc73d53f9dc861e7ee312.multimod,1.5208522441412242e-08
1709,0761cd545d05e11a49d760236f997f567171ac4be4bff8e3f421ba0f0f93b2e7.multimod,0.09945524483919144
1710,c9bb707b78a714771ade4c1b4adb1cab8e4e16915f0a022e3f742eba93c3334c.multimod,0.04129059985280037
1711,2916633f5b9d352f49e9fffe951fdd8d2e61a0658a7c1b7d50cdb46710e1f498.multimod,0.0020873332396149635
1712,df18e17ccf1d211cc9ab69977e2793d67d3956453c62d4a2139fa2130705c3e1.multimod,3.799528237608679e-14
1713,ae1c6ade56e13e34f9dfc7fe25b4015ea24d6e941b467894a9c90347f8af10a9.multimod,2.014148594753351e-05
1714,9b0e5cf0dfe8078f818d557a933cb7e302fc79b11d2ad5a638a0c38a170901e8.multimod,1.1905479241553485e-18
1715,a4a209ed5e5feb4a8a8ebb7a507f9e0928ae2bbb08ef3dfb8c7dafc0c03409ce.multimod,0.0038240032736212015
1716,0611f09e59df6e2521513f366bd33347c44d77eb0020535b2d068334101ce282.multimod,0.0
1717,93cff1a2a8c1d43d3d13dd5c57ec4f3a65a9f55332fcdc6e1477a135726aa6d1.multimod,4.1438423068029806e-05
1718,6a971bf4dd9aa8f68ce1feca0aa9d22492a94efe88230446c9dd6318b6c2e86b.multimod,0.00011060823453590274
1719,3470acea8224ad065f1bc5c713f14423a196ef1541a115dc026783a83d838ac8.multimod,0.00020807766122743487
1720,2f3e57f214b1b492f06b0d40e196bcc71338399d741435964263928a89dcd545.multimod,0.05484640970826149
1721,e00400565a2c0abfeaebd941b740640ee7f7cd5716b1dff779458feb9264b1d1.multimod,0.5295664072036743
1722,004b3862f816f35464fe8f1e45d56628b299d32b25f47ed4d308251f4b250d19.multimod,2.6602828384625354e-08
1723,1d6a352e5d2ec73519585669ae2249796368ca524081adf600b28817fec839c3.multimod,9.267452256989106e-13
1724,4dc2d4c59ca4e06b852ccbec728009a2a7a7e1e3f6cee65588d4d376b7f14a2d.multimod,0.0023785459343343973
1725,f0f03a6eefeae32fe3c80f6800a1b2eeb07d92061924b1a3395df918c82ab10b.multimod,0.0
1726,798394e372b6fb4268c1370915f93af9483510e90133d0ed259fcdcfe76a76c8.multimod,3.168031810218963e-07
1727,c4aaf547716f2f1d886312e980f613893783130680b146aa451b932b010420f2.multimod,1.9254128270186155e-15
1728,7fae236a83ea2e29c802497371c8d00e89ed5db591c88946b8266cafb92ae54b.multimod,0.05588556081056595
1729,e3916196480792b3432eb6c956578fc6a81a3aa2e489f324facaaf98f44a2a60.multimod,3.0595336397709616e-07
1730,f71c2eedfa7aa0373e0ecc7838866a079f5fca44a3e0659f7f247fd844b159b1.multimod,0.04829869791865349
1731,277be519f0548a4ec1e3052e53ebffad2239331cb969bcac7d66bd6b92442158.multimod,1.5057309565857935e-10
1732,455832f019dcf3a01044533a38190632386d2a7dc827a19bea2c5a73adeef244.multimod,0.5632970929145813
1733,ecf204749b5b068ca1d9c9ba1a2f78869f56b3a34aabe99b02c15dc8f1ebef07.multimod,0.004065107088536024
1734,484c9357fa6641aad56f8928888ea11400b7b21501cf80b758eb23fccbec4e75.multimod,2.699933054906012e-10
1735,eac5a97ddab29200796dd5aa7c434100c94fc7b4feee47f0b7dc7e9e8a11dd68.multimod,6.665355073431911e-11
1736,f279899a5c2028cfb79af07add6a67172c60a17190dd8c66a5cdde4700da6e7e.multimod,0.0032780158799141645
1737,5d09c65a245076e9d440a254b443006f22ad5b0709bffa8e5c207ad0b922e94a.multimod,3.3993377557273163e-11
1738,9a7534768302bdafa51f7abc698639eb23bb38a8c41a362f41b182ae9171969a.multimod,0.13713450729846954
1739,364208a37c4cfe27b346953b32f7d685125c087b0b919d022cf5e6c8ae8aa3da.multimod,2.0213570675852375e-24
1740,0e1196f6db248defbe955adb3567b9f397d7034df282ae820482a3445126b3ec.multimod,6.772082941044111e-16
1741,44733951d5e7d16c79427612b7fb7b81ea9648a4ecbe1d5158ebeac20ff2c4a2.multimod,5.0163580823939695e-29
1742,3d1fdc4b69156e6662a18863177bc4a39e78d07da21b30dce3a16d530a0313ab.multimod,0.0
1743,ad2edd011a7298275d263cabbc9c5a2a7fc469d2263d44cf2358708eb6be9835.multimod,3.1461549951927736e-05
1744,c9356263724f7681cb87a3b9f7af269a465d4486330831e9a0fc499c22bd36d7.multimod,7.581428261596449e-20
1745,d00b3171133cbbe8ad76874df7fdcbc11b8d26c98a47169a23a6726e76cb3da2.multimod,6.481844984085057e-16
1746,1a098e5cec999248f284ad035ede5c2035e65f981e3f24c2c415abc3fbfe7833.multimod,1.8885043404298987e-14
1747,85b6f6f7683c3b0d69312bf0bd35b93b8a6c6812017ab79c05bbae596c534c34.multimod,5.5540424689914936e-12
1748,0ed1ce633b6cfe411f251af1ce290f5ed0845845b0c96e671f8cddfe97969f47.multimod,5.919293213773135e-17
1749,cfe03fd5d73ccef987cd3382d761ed36a7880e52c4261c62d3b7d222b25d7480.multimod,1.4763480749024893e-07
1750,0b06ff04b2b072eb507d576ca1f2f27c76ab604d9e319f02628225292b5ec371.multimod,7.451330269455642e-29
1751,acce1154630d327ca9d888e0ecf44a1370cf42b3b28a48446a9aaaec9ec789c3.multimod,0.30763211846351624
1752,29432c913e1ea358e5ed7d6edc74418716bdd58e93787236ee01ba15516fbe4a.multimod,0.0003208043926861137
1753,b81d29bee2bb9fb7a094996b51d676e06fa9c320988852c3ee74f5e867c13350.multimod,0.25458472967147827
1754,36c25d77e5097eaec3b3b7fe879533d093e8cd40bce16aff601102838eb2a211.multimod,2.4128006259616086e-09
1755,445a579cdf1712972bcaf0a71b90c290b0e467aa023a44fd45197a2eb592ebb7.multimod,3.79053017240949e-05
1756,e90bd2018d23c92f6526f31b036fdb4dc4ab1ea1a91f4d55b4e15c70a6e49ca2.multimod,1.5004719900006738e-25
1757,7b431bedf50197dedd3ae4dfb7d16ce70859829b03cdbd9fabdd1d3a1af1e756.multimod,0.12286203354597092
1758,499cc2edd6c504935698be93c7b8dd2971b899f6ccbbce5fe04af85bd4d28b3b.multimod,0.0008124028099700809
1759,98fdba6d024ffec4618803c6872c9deab4be93650911c229d147461a8b842ee2.multimod,6.2674110165132194e-18
1760,0ab2646c27ee694a24482f029ec30bc621194c2250029456f524a359bb8a521b.multimod,4.269299126662064e-36
1761,5d541ca1db759c2bd426fd210b9bb69568423eb2a3a996926d9398fa948006d4.multimod,0.034362517297267914
1762,0efed80ee3bd89286a495c17ed13fc1c3d5d9ba8a0c22ff1b16c30127ed2373c.multimod,0.0011592666851356626
1763,78c1c57100bc14f9689c3f670d48405d9eb7487df1a34a846296f8dd4ab34e33.multimod,1.7336833459873584e-16
1764,f5ecf8b4175cc4a0882ebf28e88b49ecda3f1772e316aeb458a4fa5cb644d0be.multimod,0.019617363810539246
1765,0eef2cfcef416e5e2831a63144a408d4fcf27966e731a4aafac099afc39bdc04.multimod,3.2042817288413517e-09
1766,74929115a3a1e878c60ab5f81bb51a5dd8d44cdc0fadda646be10d73b1e7924a.multimod,3.0794447400898256e-28
1767,ae15f1f8dbddd08b9ff58b3d57e480ef1ba7bf9db190d8653714039adff449d5.multimod,1.521684694753573e-14
1768,95d226bb1a1588cc5f9fa340f4985369b8ab856fd09192d12016e2b82ee43816.multimod,0.001597717753611505
1769,10fb49a4c0dc476717d7aae03b7e41f64554954fb80147d3c5159b889d47bfb5.multimod,2.011864136358105e-18
1770,23df91cae1e14b71a119e08edaf0ef077dbd511f07366297b86641b98f966aac.multimod,2.5510399348505075e-11
1771,0cfddc6b35bb78f408fd84c60af1d3cc8cceb54d44f9f84654f8b8427a6f3e33.multimod,2.215279664596892e-06
1772,d2bb09f8441baa6b98b3afbf97a07ec868c3657df8930946912e30aad786abb3.multimod,0.23294246196746826
1773,800c82eb4e9de45d5a6eea8840c501435d7279a046ea0095be356e7c785bdac9.multimod,0.4234568178653717
1774,d008b8463b3e7196020c0eefd8376d03cce63827e76c2abf89b1e3a0ebe17c57.multimod,2.0151469035112335e-11
1775,d470b687b9afb8d6a0d3f0573441c2875e5d68933c27f3e0093fbc4c9b5e3f38.multimod,0.13879871368408203
1776,854408e90e5312a0b89df01c6862c06d34e69c17cc57414ec300ab6123cc6d42.multimod,1.1442317926491086e-10
1777,a7568a2833447d2306aa9905e4a47de208692ed96e2cf394c7bf4893d782fc09.multimod,0.0008966308669187129
1778,93897897a4ec79643d8c9f1471bfc1755f3fc02c1deb7b59c60e4712c7efa085.multimod,1.2188721484562848e-05
1779,1143ad4d60ebb152d5dbabf69f3e555676e7f62c598186ac6f343cf41ec0e95b.multimod,0.12486176937818527
1780,5a4ed94bd3a3d17072ca8adfa64d18c705b0ad97510d04025ae79366e1e0bff2.multimod,1.2579393502281e-16
1781,9f0eae9ec468aa98c38ac228393dd6071f3293e63bd8bf01569b3d8e6f43f83a.multimod,0.03556939586997032
1782,f765c92543d380e2eb69fe3937c858b4969bff062487d1c20aad75d774f8c2a3.multimod,0.0
1783,ada9e20c227245b21b344d983173957aa28a2b5c1528f3077a2e9499c8c188c3.multimod,1.7374302951206344e-12
1784,3da2046fec9b62c8ba638ae6cce1cca77ee7c11f817a4e98914989f887dc7403.multimod,0.04704110696911812
1785,7f18a224f42359fb08f7b04939353b5d03a35d9f73a6d916d8e396d4a82629aa.multimod,0.07941854000091553
1786,043610c4a6961f36ceea75004224681b1556b57ca8c0494d524eca6d460bbc6d.multimod,0.27644121646881104
1787,0bbe059acef06f941ddec07a2fc6c61710d565a5811ed00139c427069038c42e.multimod,0.08422870188951492
1788,2bb0db21f1ebb0c93bb9a75ddcd57e4b36c2b77aa4296cef525b8bd0ac395868.multimod,1.1771758012812938e-09
1789,2dac7a13e52ee2d81a429e17cfc0e1e15862f6731e88150aadf23c86f2a25d0e.multimod,0.06441092491149902
1790,1c32df43d0449caeff0d3ebb113891e66deb3c992f330ca2ce967c2eb82f6819.multimod,2.8988039695941513e-21
1791,03021ebcf143dc222585da01d3dd3271c2a5bff9b83df5bfdad62b0821d4fe5d.multimod,0.0012312274193391204
1792,ed11b0eb33495c0ad030c5bcd74fcc6a9e8f06aa0f45b4c282d1c0cc036fe6dc.multimod,1.1336600162073567e-22
1793,7b6c4a6aa1fae4399af04710918ba6f8d527e66b7d226d208946d25b2cc99409.multimod,6.879556949233395e-21
1794,3b4eb21705efa520ac1b8ca9adf45f67e4ae444a5d52b14f1d5ef9abcf9642e2.multimod,1.65919991559349e-05
1795,app.zenly.locator.multimod,0.7787206768989563
1796,us.funset.scorpioonscreen.multimod,0.06658303737640381
1797,se.ja1984.twee.multimod,0.9955005645751953
1798,com.anymediacloud.iptv.retail.multimod,0.7087193131446838
1799,com.artunc.destroyer.multimod,0.0
1800,com.mahiways.grocery_kannada.multimod,0.8135864734649658
1801,com.airtalkee.multimod,5.841255187988281e-06
1802,kr.lighthouse.SecretSMS.multimod,0.9754272103309631
1803,com.microsoft.mobile.aloha.multimod,0.419486403465271
1804,peacemaker.togglesoundon.multimod,0.7037404179573059
1805,com.sohu.newsclientnewspictorial.multimod,0.027307569980621338
1806,com.smosh.android.multimod,0.3634542226791382
1807,com.panasonic.avc.diga.networksetup.multimod,0.6669594049453735
1808,com.inobilis.talkdoc.multimod,0.8378620147705078
1809,net.wiagames.miupdater.multimod,0.8999314308166504
1810,com.Classting.multimod,0.9997845888137817
1811,com.javast.multimod,0.059600114822387695
1812,free.online.hd.video.player.multimod,0.8837906718254089
1813,com.zhishan.man.multimod,0.6118621826171875
1814,com.noticesoftware.FanSided.multimod,0.0003230571746826172
1815,com.nll.screenrecorder.multimod,0.9012941718101501
1816,lite.lighting.edge.edgelightinglite.multimod,3.349781036376953e-05
1817,droideplace.com.sms2post.multimod,0.9277030825614929
1818,com.beanie.multimod,0.563859224319458
1819,com.bredhammarconsulting.alarm.multimod,0.1917840838432312
1820,theme.lonecm12.kikkosart.com.lonecm12.multimod,0.4870525002479553
1821,com.andriod.blacklist.multimod,0.009602069854736328
1822,com.appclaimer.ldsRockMusic.multimod,0.8001803159713745
1823,pack.locatorus2.multimod,0.8514156341552734
1824,com.lj.ljshell.multimod,0.9951169490814209
1825,net.hillstone.SMSMessaging.multimod,7.462501525878906e-05
1826,com.banban_fat.multimod,0.9511374235153198
1827,dss.android.automation.multimod,1.1205673217773438e-05
1828,com.fantasticringtones.coolringtones.multimod,0.0002136826515197754
1829,com.xysd.albumapp.shuohaodeyibeizi.multimod,0.9731764793395996
1830,com.appbasic.transparentcaller.multimod,0.7528451681137085
1831,uk.co.jcitbournemouth.texttocloud.multimod,0.571120023727417
1832,com.goopai.android.bt.multimod,0.39381998777389526
1833,com.gdi.localis.multimod,0.9954306483268738
1834,fahrbot.apps.blacklist.multimod,0.9574904441833496
1835,kozlowski.daniel.texport.multimod,0.5839914679527283
1836,com.shergillgames.cheerup.multimod,0.5930839776992798
1837,com.yousician.yousician.multimod,0.8762702941894531
1838,com.calls.multimod,0.5486580729484558
1839,com.gismart.realdrum2free.multimod,0.33262360095977783
1840,com.utangic.memorandum.multimod,0.6461086273193359
1841,com.idddx.lwp.solarterm.therains.multimod,0.9568632245063782
1842,com.vital.tst.n7000.multimod,0.6896387338638306
1843,cloudtv.dayframe.multimod,0.8131283521652222
1844,com.dapaua.widgetsoverlayfree.multimod,0.0693197250366211
1845,com.zyxxeil.carbon.ui.multimod,0.8583969473838806
1846,com.internetdesignzone.goodmorningmessages.multimod,0.634521484375
1847,com.DeNitE.theme.acidrainblue.free.multimod,0.854489266872406
1848,kr.co.ittech.vguardweb.multimod,0.6597479581832886
1849,com.comics.pickmylove.multimod,0.0
1850,com.talkonaut.multimod,0.9042805433273315
1851,com.pyler.enablecmcallrec.multimod,0.03480261564254761
1852,com.iwidsets.task.manager.multimod,0.0007632970809936523
1853,com.bb.lwp.valleyoftheend.multimod,0.0036070942878723145
1854,com.opalastudios.superlaunchpad.multimod,0.8834578990936279
1855,com.nd.desktopcontacts.multimod,0.5520458817481995
1856,com.bestringtonesapps.popularringtones.multimod,0.9056819677352905
1857,mobi.az.ww.tennis.en.multimod,0.7987819910049438
1858,com.antipu.ImageArtistWidget.multimod,0.0
1859,farzad.chatrsimab.branchofapp.smsremote.multimod,0.4003337025642395
